# Ecm || mean err  
0.66 || 3.57729e-05  2.90271e-05
0.66005 || 3.60642e-05  2.92634e-05
0.6601 || 3.63571e-05  2.9501e-05
0.66015 || 3.66516e-05  2.97399e-05
0.6602 || 3.69478e-05  2.99801e-05
0.66025 || 3.72456e-05  3.02217e-05
0.6603 || 3.75451e-05  3.04646e-05
0.66035 || 3.78463e-05  3.07089e-05
0.6604 || 3.81491e-05  3.09545e-05
0.66045 || 3.84535e-05  3.12015e-05
0.660501 || 3.87597e-05  3.14498e-05
0.660551 || 3.90675e-05  3.16994e-05
0.660601 || 3.9377e-05  3.19505e-05
0.660651 || 3.96882e-05  3.22029e-05
0.660701 || 4.00011e-05  3.24566e-05
0.660751 || 4.03156e-05  3.27118e-05
0.660801 || 4.06319e-05  3.29683e-05
0.660851 || 4.09499e-05  3.32262e-05
0.660901 || 4.12696e-05  3.34855e-05
0.660951 || 4.1591e-05  3.37462e-05
0.661001 || 4.19142e-05  3.40083e-05
0.661051 || 4.2239e-05  3.42718e-05
0.661101 || 4.25656e-05  3.45367e-05
0.661151 || 4.2894e-05  3.4803e-05
0.661201 || 4.3224e-05  3.50707e-05
0.661251 || 4.35559e-05  3.53398e-05
0.661301 || 4.38895e-05  3.56104e-05
0.661351 || 4.42248e-05  3.58823e-05
0.661401 || 4.45619e-05  3.61557e-05
0.661451 || 4.49008e-05  3.64306e-05
0.661502 || 4.52414e-05  3.67068e-05
0.661552 || 4.55839e-05  3.69846e-05
0.661602 || 4.59281e-05  3.72637e-05
0.661652 || 4.62741e-05  3.75443e-05
0.661702 || 4.66219e-05  3.78264e-05
0.661752 || 4.69715e-05  3.81099e-05
0.661802 || 4.73229e-05  3.83949e-05
0.661852 || 4.76761e-05  3.86814e-05
0.661902 || 4.80312e-05  3.89693e-05
0.661952 || 4.8388e-05  3.92587e-05
0.662002 || 4.87467e-05  3.95496e-05
0.662052 || 4.91072e-05  3.9842e-05
0.662102 || 4.94696e-05  4.01358e-05
0.662152 || 4.98338e-05  4.04312e-05
0.662202 || 5.01998e-05  4.0728e-05
0.662252 || 5.05677e-05  4.10264e-05
0.662302 || 5.09375e-05  4.13262e-05
0.662352 || 5.13091e-05  4.16276e-05
0.662402 || 5.16826e-05  4.19304e-05
0.662452 || 5.2058e-05  4.22348e-05
0.662503 || 5.24352e-05  4.25408e-05
0.662553 || 5.28143e-05  4.28482e-05
0.662603 || 5.31954e-05  4.31572e-05
0.662653 || 5.35783e-05  4.34677e-05
0.662703 || 5.39631e-05  4.37797e-05
0.662753 || 5.43498e-05  4.40933e-05
0.662803 || 5.47384e-05  4.44085e-05
0.662853 || 5.5129e-05  4.47252e-05
0.662903 || 5.55215e-05  4.50434e-05
0.662953 || 5.59159e-05  4.53632e-05
0.663003 || 5.63122e-05  4.56846e-05
0.663053 || 5.67105e-05  4.60076e-05
0.663103 || 5.71107e-05  4.63321e-05
0.663153 || 5.75129e-05  4.66582e-05
0.663203 || 5.7917e-05  4.69859e-05
0.663253 || 5.83231e-05  4.73151e-05
0.663303 || 5.87311e-05  4.7646e-05
0.663353 || 5.91411e-05  4.79784e-05
0.663403 || 5.95531e-05  4.83125e-05
0.663453 || 5.99671e-05  4.86482e-05
0.663504 || 6.0383e-05  4.89854e-05
0.663554 || 6.0801e-05  4.93243e-05
0.663604 || 6.12209e-05  4.96648e-05
0.663654 || 6.16429e-05  5.00069e-05
0.663704 || 6.20668e-05  5.03507e-05
0.663754 || 6.24928e-05  5.0696e-05
0.663804 || 6.29208e-05  5.10431e-05
0.663854 || 6.33508e-05  5.13917e-05
0.663904 || 6.37829e-05  5.1742e-05
0.663954 || 6.42169e-05  5.20939e-05
0.664004 || 6.46531e-05  5.24475e-05
0.664054 || 6.50912e-05  5.28028e-05
0.664104 || 6.55314e-05  5.31597e-05
0.664154 || 6.59737e-05  5.35183e-05
0.664204 || 6.6418e-05  5.38785e-05
0.664254 || 6.68644e-05  5.42404e-05
0.664304 || 6.73129e-05  5.4604e-05
0.664354 || 6.77635e-05  5.49693e-05
0.664404 || 6.82161e-05  5.53363e-05
0.664454 || 6.86708e-05  5.57049e-05
0.664505 || 6.91277e-05  5.60753e-05
0.664555 || 6.95866e-05  5.64473e-05
0.664605 || 7.00476e-05  5.68211e-05
0.664655 || 7.05107e-05  5.71965e-05
0.664705 || 7.0976e-05  5.75737e-05
0.664755 || 7.14434e-05  5.79526e-05
0.664805 || 7.19129e-05  5.83332e-05
0.664855 || 7.23845e-05  5.87156e-05
0.664905 || 7.28583e-05  5.90997e-05
0.664955 || 7.33342e-05  5.94855e-05
0.665005 || 7.38123e-05  5.9873e-05
0.665055 || 7.42925e-05  6.02623e-05
0.665105 || 7.47749e-05  6.06534e-05
0.665155 || 7.52594e-05  6.10462e-05
0.665205 || 7.57462e-05  6.14407e-05
0.665255 || 7.6235e-05  6.1837e-05
0.665305 || 7.67261e-05  6.22351e-05
0.665355 || 7.72194e-05  6.2635e-05
0.665405 || 7.77149e-05  6.30366e-05
0.665455 || 7.82125e-05  6.344e-05
0.665506 || 7.87124e-05  6.38452e-05
0.665556 || 7.92145e-05  6.42522e-05
0.665606 || 7.97188e-05  6.4661e-05
0.665656 || 8.02253e-05  6.50715e-05
0.665706 || 8.0734e-05  6.54839e-05
0.665756 || 8.1245e-05  6.58981e-05
0.665806 || 8.17582e-05  6.63141e-05
0.665856 || 8.22736e-05  6.67319e-05
0.665906 || 8.27914e-05  6.71515e-05
0.665956 || 8.33113e-05  6.7573e-05
0.666006 || 8.38335e-05  6.79963e-05
0.666056 || 8.4358e-05  6.84214e-05
0.666106 || 8.48848e-05  6.88483e-05
0.666156 || 8.54138e-05  6.92771e-05
0.666206 || 8.59451e-05  6.97078e-05
0.666256 || 8.64787e-05  7.01403e-05
0.666306 || 8.70146e-05  7.05746e-05
0.666356 || 8.75528e-05  7.10108e-05
0.666406 || 8.80933e-05  7.14489e-05
0.666456 || 8.86361e-05  7.18888e-05
0.666507 || 8.91812e-05  7.23307e-05
0.666557 || 8.97287e-05  7.27744e-05
0.666607 || 9.02785e-05  7.32199e-05
0.666657 || 9.08306e-05  7.36674e-05
0.666707 || 9.1385e-05  7.41168e-05
0.666757 || 9.19418e-05  7.4568e-05
0.666807 || 9.25009e-05  7.50212e-05
0.666857 || 9.30624e-05  7.54762e-05
0.666907 || 9.36263e-05  7.59332e-05
0.666957 || 9.41925e-05  7.63921e-05
0.667007 || 9.47611e-05  7.68529e-05
0.667057 || 9.53321e-05  7.73156e-05
0.667107 || 9.59055e-05  7.77803e-05
0.667157 || 9.64812e-05  7.82469e-05
0.667207 || 9.70593e-05  7.87154e-05
0.667257 || 9.76399e-05  7.91859e-05
0.667307 || 9.82228e-05  7.96583e-05
0.667357 || 9.88082e-05  8.01326e-05
0.667407 || 9.9396e-05  8.0609e-05
0.667457 || 9.99862e-05  8.10872e-05
0.667508 || 0.000100579  8.15675e-05
0.667558 || 0.000101174  8.20497e-05
0.667608 || 0.000101771  8.25339e-05
0.667658 || 0.000102371  8.30201e-05
0.667708 || 0.000102974  8.35082e-05
0.667758 || 0.000103579  8.39983e-05
0.667808 || 0.000104186  8.44905e-05
0.667858 || 0.000104796  8.49846e-05
0.667908 || 0.000105408  8.54807e-05
0.667958 || 0.000106023  8.59789e-05
0.668008 || 0.00010664  8.6479e-05
0.668058 || 0.00010726  8.69812e-05
0.668108 || 0.000107882  8.74853e-05
0.668158 || 0.000108507  8.79915e-05
0.668208 || 0.000109134  8.84998e-05
0.668258 || 0.000109764  8.901e-05
0.668308 || 0.000110396  8.95223e-05
0.668358 || 0.000111031  9.00367e-05
0.668408 || 0.000111668  9.05531e-05
0.668458 || 0.000112308  9.10715e-05
0.668509 || 0.00011295  9.1592e-05
0.668559 || 0.000113595  9.21146e-05
0.668609 || 0.000114243  9.26392e-05
0.668659 || 0.000114893  9.31659e-05
0.668709 || 0.000115546  9.36947e-05
0.668759 || 0.000116201  9.42256e-05
0.668809 || 0.000116859  9.47585e-05
0.668859 || 0.000117519  9.52935e-05
0.668909 || 0.000118182  9.58307e-05
0.668959 || 0.000118848  9.63699e-05
0.669009 || 0.000119516  9.69112e-05
0.669059 || 0.000120187  9.74546e-05
0.669109 || 0.00012086  9.80002e-05
0.669159 || 0.000121536  9.85478e-05
0.669209 || 0.000122215  9.90976e-05
0.669259 || 0.000122896  9.96495e-05
0.669309 || 0.00012358  0.000100204
0.669359 || 0.000124266  0.00010076
0.669409 || 0.000124955  0.000101318
0.669459 || 0.000125647  0.000101879
0.66951 || 0.000126342  0.000102441
0.66956 || 0.000127039  0.000103006
0.66961 || 0.000127739  0.000103573
0.66966 || 0.000128441  0.000104142
0.66971 || 0.000129147  0.000104713
0.66976 || 0.000129854  0.000105287
0.66981 || 0.000130565  0.000105862
0.66986 || 0.000131278  0.00010644
0.66991 || 0.000131994  0.00010702
0.66996 || 0.000132713  0.000107602
0.67001 || 0.000133434  0.000108187
0.67006 || 0.000134159  0.000108773
0.67011 || 0.000134885  0.000109362
0.67016 || 0.000135615  0.000109953
0.67021 || 0.000136347  0.000110546
0.67026 || 0.000137083  0.000111141
0.67031 || 0.00013782  0.000111739
0.67036 || 0.000138561  0.000112339
0.67041 || 0.000139304  0.000112941
0.67046 || 0.000140051  0.000113545
0.670511 || 0.0001408  0.000114152
0.670561 || 0.000141551  0.000114761
0.670611 || 0.000142306  0.000115372
0.670661 || 0.000143063  0.000115985
0.670711 || 0.000143823  0.000116601
0.670761 || 0.000144586  0.000117219
0.670811 || 0.000145352  0.000117839
0.670861 || 0.00014612  0.000118461
0.670911 || 0.000146892  0.000119086
0.670961 || 0.000147666  0.000119713
0.671011 || 0.000148443  0.000120342
0.671061 || 0.000149223  0.000120974
0.671111 || 0.000150006  0.000121608
0.671161 || 0.000150791  0.000122244
0.671211 || 0.00015158  0.000122883
0.671261 || 0.000152371  0.000123523
0.671311 || 0.000153165  0.000124167
0.671361 || 0.000153962  0.000124812
0.671411 || 0.000154762  0.00012546
0.671461 || 0.000155565  0.00012611
0.671512 || 0.000156371  0.000126762
0.671562 || 0.000157179  0.000127417
0.671612 || 0.000157991  0.000128074
0.671662 || 0.000158805  0.000128734
0.671712 || 0.000159623  0.000129396
0.671762 || 0.000160443  0.00013006
0.671812 || 0.000161266  0.000130727
0.671862 || 0.000162092  0.000131396
0.671912 || 0.000162922  0.000132067
0.671962 || 0.000163754  0.000132741
0.672012 || 0.000164589  0.000133417
0.672062 || 0.000165427  0.000134095
0.672112 || 0.000166268  0.000134776
0.672162 || 0.000167111  0.00013546
0.672212 || 0.000167958  0.000136145
0.672262 || 0.000168808  0.000136834
0.672312 || 0.000169661  0.000137524
0.672362 || 0.000170517  0.000138217
0.672412 || 0.000171376  0.000138912
0.672462 || 0.000172238  0.00013961
0.672513 || 0.000173103  0.000140311
0.672563 || 0.000173971  0.000141013
0.672613 || 0.000174842  0.000141718
0.672663 || 0.000175716  0.000142426
0.672713 || 0.000176593  0.000143136
0.672763 || 0.000177473  0.000143849
0.672813 || 0.000178356  0.000144564
0.672863 || 0.000179242  0.000145281
0.672913 || 0.000180132  0.000146001
0.672963 || 0.000181024  0.000146723
0.673013 || 0.000181919  0.000147448
0.673063 || 0.000182818  0.000148176
0.673113 || 0.000183719  0.000148905
0.673163 || 0.000184624  0.000149638
0.673213 || 0.000185532  0.000150373
0.673263 || 0.000186443  0.00015111
0.673313 || 0.000187357  0.00015185
0.673363 || 0.000188274  0.000152592
0.673413 || 0.000189194  0.000153337
0.673463 || 0.000190118  0.000154085
0.673514 || 0.000191044  0.000154835
0.673564 || 0.000191974  0.000155587
0.673614 || 0.000192907  0.000156342
0.673664 || 0.000193843  0.0001571
0.673714 || 0.000194782  0.00015786
0.673764 || 0.000195724  0.000158623
0.673814 || 0.00019667  0.000159388
0.673864 || 0.000197618  0.000160156
0.673914 || 0.00019857  0.000160927
0.673964 || 0.000199525  0.0001617
0.674014 || 0.000200484  0.000162475
0.674064 || 0.000201445  0.000163253
0.674114 || 0.00020241  0.000164034
0.674164 || 0.000203378  0.000164817
0.674214 || 0.000204349  0.000165603
0.674264 || 0.000205323  0.000166392
0.674314 || 0.000206301  0.000167183
0.674364 || 0.000207282  0.000167977
0.674414 || 0.000208266  0.000168773
0.674464 || 0.000209253  0.000169572
0.674515 || 0.000210244  0.000170374
0.674565 || 0.000211238  0.000171179
0.674615 || 0.000212235  0.000171985
0.674665 || 0.000213235  0.000172795
0.674715 || 0.000214239  0.000173607
0.674765 || 0.000215246  0.000174422
0.674815 || 0.000216256  0.00017524
0.674865 || 0.00021727  0.00017606
0.674915 || 0.000218287  0.000176883
0.674965 || 0.000219307  0.000177709
0.675015 || 0.000220331  0.000178537
0.675065 || 0.000221358  0.000179368
0.675115 || 0.000222388  0.000180201
0.675165 || 0.000223422  0.000181038
0.675215 || 0.000224458  0.000181877
0.675265 || 0.000225499  0.000182719
0.675315 || 0.000226542  0.000183563
0.675365 || 0.000227589  0.00018441
0.675415 || 0.00022864  0.00018526
0.675465 || 0.000229694  0.000186113
0.675516 || 0.000230751  0.000186968
0.675566 || 0.000231811  0.000187826
0.675616 || 0.000232875  0.000188687
0.675666 || 0.000233943  0.000189551
0.675716 || 0.000235013  0.000190417
0.675766 || 0.000236088  0.000191286
0.675816 || 0.000237165  0.000192158
0.675866 || 0.000238246  0.000193032
0.675916 || 0.000239331  0.00019391
0.675966 || 0.000240419  0.00019479
0.676016 || 0.00024151  0.000195673
0.676066 || 0.000242605  0.000196559
0.676116 || 0.000243703  0.000197447
0.676166 || 0.000244805  0.000198338
0.676216 || 0.00024591  0.000199233
0.676266 || 0.000247019  0.000200129
0.676316 || 0.000248131  0.000201029
0.676366 || 0.000249247  0.000201932
0.676416 || 0.000250366  0.000202837
0.676466 || 0.000251489  0.000203745
0.676517 || 0.000252615  0.000204656
0.676567 || 0.000253745  0.00020557
0.676617 || 0.000254878  0.000206487
0.676667 || 0.000256015  0.000207406
0.676717 || 0.000257155  0.000208329
0.676767 || 0.000258299  0.000209254
0.676817 || 0.000259447  0.000210182
0.676867 || 0.000260598  0.000211113
0.676917 || 0.000261752  0.000212047
0.676967 || 0.00026291  0.000212984
0.677017 || 0.000264072  0.000213923
0.677067 || 0.000265237  0.000214866
0.677117 || 0.000266406  0.000215811
0.677167 || 0.000267579  0.000216759
0.677217 || 0.000268755  0.000217711
0.677267 || 0.000269935  0.000218665
0.677317 || 0.000271118  0.000219622
0.677367 || 0.000272305  0.000220581
0.677417 || 0.000273495  0.000221544
0.677467 || 0.00027469  0.00022251
0.677518 || 0.000275887  0.000223479
0.677568 || 0.000277089  0.00022445
0.677618 || 0.000278294  0.000225425
0.677668 || 0.000279503  0.000226402
0.677718 || 0.000280715  0.000227383
0.677768 || 0.000281931  0.000228366
0.677818 || 0.000283151  0.000229353
0.677868 || 0.000284375  0.000230342
0.677918 || 0.000285602  0.000231334
0.677968 || 0.000286833  0.00023233
0.678018 || 0.000288067  0.000233328
0.678068 || 0.000289306  0.000234329
0.678118 || 0.000290548  0.000235334
0.678168 || 0.000291793  0.000236341
0.678218 || 0.000293043  0.000237351
0.678268 || 0.000294296  0.000238364
0.678318 || 0.000295553  0.000239381
0.678368 || 0.000296814  0.0002404
0.678418 || 0.000298078  0.000241422
0.678468 || 0.000299346  0.000242448
0.678519 || 0.000300618  0.000243476
0.678569 || 0.000301894  0.000244508
0.678619 || 0.000303174  0.000245542
0.678669 || 0.000304457  0.00024658
0.678719 || 0.000305744  0.00024762
0.678769 || 0.000307035  0.000248664
0.678819 || 0.00030833  0.000249711
0.678869 || 0.000309628  0.00025076
0.678919 || 0.000310931  0.000251813
0.678969 || 0.000312237  0.000252869
0.679019 || 0.000313547  0.000253928
0.679069 || 0.000314861  0.00025499
0.679119 || 0.000316179  0.000256055
0.679169 || 0.0003175  0.000257124
0.679219 || 0.000318826  0.000258195
0.679269 || 0.000320155  0.00025927
0.679319 || 0.000321488  0.000260347
0.679369 || 0.000322825  0.000261428
0.679419 || 0.000324166  0.000262512
0.679469 || 0.000325511  0.000263599
0.67952 || 0.00032686  0.000264689
0.67957 || 0.000328212  0.000265782
0.67962 || 0.000329569  0.000266879
0.67967 || 0.000330929  0.000267978
0.67972 || 0.000332294  0.000269081
0.67977 || 0.000333662  0.000270187
0.67982 || 0.000335034  0.000271296
0.67987 || 0.00033641  0.000272408
0.67992 || 0.000337791  0.000273524
0.67997 || 0.000339175  0.000274643
0.68002 || 0.000340563  0.000275764
0.68007 || 0.000341955  0.000276889
0.68012 || 0.000343351  0.000278018
0.68017 || 0.000344751  0.000279149
0.68022 || 0.000346155  0.000280284
0.68027 || 0.000347563  0.000281421
0.68032 || 0.000348975  0.000282562
0.68037 || 0.000350391  0.000283707
0.68042 || 0.000351811  0.000284854
0.68047 || 0.000353235  0.000286005
0.680521 || 0.000354663  0.000287159
0.680571 || 0.000356095  0.000288316
0.680621 || 0.000357532  0.000289477
0.680671 || 0.000358972  0.00029064
0.680721 || 0.000360416  0.000291807
0.680771 || 0.000361864  0.000292978
0.680821 || 0.000363317  0.000294151
0.680871 || 0.000364773  0.000295328
0.680921 || 0.000366234  0.000296508
0.680971 || 0.000367698  0.000297691
0.681021 || 0.000369167  0.000298878
0.681071 || 0.00037064  0.000300068
0.681121 || 0.000372117  0.000301261
0.681171 || 0.000373598  0.000302458
0.681221 || 0.000375083  0.000303658
0.681271 || 0.000376573  0.000304861
0.681321 || 0.000378066  0.000306068
0.681371 || 0.000379564  0.000307277
0.681421 || 0.000381066  0.000308491
0.681471 || 0.000382572  0.000309707
0.681522 || 0.000384082  0.000310927
0.681572 || 0.000385596  0.00031215
0.681622 || 0.000387114  0.000313377
0.681672 || 0.000388637  0.000314607
0.681722 || 0.000390164  0.00031584
0.681772 || 0.000391695  0.000317077
0.681822 || 0.00039323  0.000318317
0.681872 || 0.000394769  0.00031956
0.681922 || 0.000396313  0.000320807
0.681972 || 0.000397861  0.000322057
0.682022 || 0.000399413  0.000323311
0.682072 || 0.000400969  0.000324568
0.682122 || 0.00040253  0.000325828
0.682172 || 0.000404095  0.000327092
0.682222 || 0.000405664  0.00032836
0.682272 || 0.000407237  0.00032963
0.682322 || 0.000408815  0.000330904
0.682372 || 0.000410396  0.000332182
0.682422 || 0.000411983  0.000333463
0.682472 || 0.000413573  0.000334747
0.682523 || 0.000415168  0.000336035
0.682573 || 0.000416767  0.000337327
0.682623 || 0.00041837  0.000338621
0.682673 || 0.000419978  0.00033992
0.682723 || 0.00042159  0.000341221
0.682773 || 0.000423206  0.000342527
0.682823 || 0.000424827  0.000343835
0.682873 || 0.000426452  0.000345148
0.682923 || 0.000428081  0.000346463
0.682973 || 0.000429715  0.000347782
0.683023 || 0.000431353  0.000349105
0.683073 || 0.000432995  0.000350431
0.683123 || 0.000434642  0.000351761
0.683173 || 0.000436294  0.000353094
0.683223 || 0.000437949  0.000354431
0.683273 || 0.000439609  0.000355771
0.683323 || 0.000441273  0.000357115
0.683373 || 0.000442942  0.000358462
0.683423 || 0.000444616  0.000359813
0.683473 || 0.000446293  0.000361168
0.683524 || 0.000447975  0.000362526
0.683574 || 0.000449662  0.000363887
0.683624 || 0.000451353  0.000365252
0.683674 || 0.000453048  0.000366621
0.683724 || 0.000454748  0.000367993
0.683774 || 0.000456452  0.000369369
0.683824 || 0.000458161  0.000370749
0.683874 || 0.000459874  0.000372132
0.683924 || 0.000461592  0.000373518
0.683974 || 0.000463315  0.000374909
0.684024 || 0.000465041  0.000376302
0.684074 || 0.000466773  0.0003777
0.684124 || 0.000468508  0.000379101
0.684174 || 0.000470249  0.000380506
0.684224 || 0.000471993  0.000381914
0.684274 || 0.000473743  0.000383326
0.684324 || 0.000475497  0.000384742
0.684374 || 0.000477255  0.000386161
0.684424 || 0.000479018  0.000387584
0.684474 || 0.000480786  0.00038901
0.684525 || 0.000482558  0.000390441
0.684575 || 0.000484335  0.000391874
0.684625 || 0.000486116  0.000393312
0.684675 || 0.000487902  0.000394753
0.684725 || 0.000489692  0.000396198
0.684775 || 0.000491487  0.000397647
0.684825 || 0.000493287  0.000399099
0.684875 || 0.000495091  0.000400555
0.684925 || 0.0004969  0.000402015
0.684975 || 0.000498714  0.000403478
0.685025 || 0.000500532  0.000404946
0.685075 || 0.000502355  0.000406416
0.685125 || 0.000504182  0.000407891
0.685175 || 0.000506014  0.000409369
0.685225 || 0.000507851  0.000410851
0.685275 || 0.000509692  0.000412337
0.685325 || 0.000511539  0.000413827
0.685375 || 0.000513389  0.00041532
0.685425 || 0.000515245  0.000416817
0.685475 || 0.000517105  0.000418318
0.685526 || 0.00051897  0.000419823
0.685576 || 0.00052084  0.000421331
0.685626 || 0.000522714  0.000422843
0.685676 || 0.000524593  0.000424359
0.685726 || 0.000526477  0.000425879
0.685776 || 0.000528365  0.000427402
0.685826 || 0.000530259  0.00042893
0.685876 || 0.000532157  0.000430461
0.685926 || 0.000534059  0.000431996
0.685976 || 0.000535967  0.000433535
0.686026 || 0.000537879  0.000435077
0.686076 || 0.000539796  0.000436624
0.686126 || 0.000541718  0.000438174
0.686176 || 0.000543645  0.000439728
0.686226 || 0.000545576  0.000441286
0.686276 || 0.000547513  0.000442848
0.686326 || 0.000549454  0.000444414
0.686376 || 0.0005514  0.000445983
0.686426 || 0.000553351  0.000447556
0.686476 || 0.000555306  0.000449134
0.686527 || 0.000557267  0.000450715
0.686577 || 0.000559232  0.0004523
0.686627 || 0.000561202  0.000453889
0.686677 || 0.000563177  0.000455482
0.686727 || 0.000565157  0.000457078
0.686777 || 0.000567142  0.000458679
0.686827 || 0.000569131  0.000460283
0.686877 || 0.000571126  0.000461892
0.686927 || 0.000573125  0.000463504
0.686977 || 0.000575129  0.000465121
0.687027 || 0.000577139  0.000466741
0.687077 || 0.000579153  0.000468365
0.687127 || 0.000581172  0.000469993
0.687177 || 0.000583196  0.000471625
0.687227 || 0.000585225  0.000473261
0.687277 || 0.000587259  0.000474901
0.687327 || 0.000589298  0.000476545
0.687377 || 0.000591341  0.000478193
0.687427 || 0.00059339  0.000479845
0.687477 || 0.000595444  0.0004815
0.687528 || 0.000597503  0.00048316
0.687578 || 0.000599566  0.000484824
0.687628 || 0.000601635  0.000486492
0.687678 || 0.000603709  0.000488164
0.687728 || 0.000605787  0.00048984
0.687778 || 0.000607871  0.000491519
0.687828 || 0.00060996  0.000493203
0.687878 || 0.000612054  0.000494891
0.687928 || 0.000614152  0.000496583
0.687978 || 0.000616256  0.000498279
0.688028 || 0.000618365  0.000499979
0.688078 || 0.000620479  0.000501683
0.688128 || 0.000622598  0.000503391
0.688178 || 0.000624722  0.000505103
0.688228 || 0.000626852  0.000506819
0.688278 || 0.000628986  0.00050854
0.688328 || 0.000631125  0.000510264
0.688378 || 0.00063327  0.000511992
0.688428 || 0.000635419  0.000513725
0.688478 || 0.000637574  0.000515462
0.688529 || 0.000639734  0.000517202
0.688579 || 0.000641899  0.000518947
0.688629 || 0.000644069  0.000520696
0.688679 || 0.000646244  0.000522449
0.688729 || 0.000648424  0.000524206
0.688779 || 0.00065061  0.000525967
0.688829 || 0.000652801  0.000527733
0.688879 || 0.000654996  0.000529502
0.688929 || 0.000657197  0.000531276
0.688979 || 0.000659404  0.000533054
0.689029 || 0.000661615  0.000534836
0.689079 || 0.000663832  0.000536622
0.689129 || 0.000666053  0.000538412
0.689179 || 0.00066828  0.000540206
0.689229 || 0.000670513  0.000542005
0.689279 || 0.00067275  0.000543808
0.689329 || 0.000674993  0.000545615
0.689379 || 0.000677241  0.000547426
0.689429 || 0.000679494  0.000549241
0.689479 || 0.000681752  0.000551061
0.68953 || 0.000684016  0.000552884
0.68958 || 0.000686285  0.000554712
0.68963 || 0.000688559  0.000556544
0.68968 || 0.000690839  0.000558381
0.68973 || 0.000693124  0.000560221
0.68978 || 0.000695414  0.000562066
0.68983 || 0.000697709  0.000563915
0.68988 || 0.00070001  0.000565769
0.68993 || 0.000702316  0.000567626
0.68998 || 0.000704627  0.000569488
0.69003 || 0.000706944  0.000571354
0.69008 || 0.000709266  0.000573225
0.69013 || 0.000711594  0.000575099
0.69018 || 0.000713926  0.000576978
0.69023 || 0.000716264  0.000578861
0.69028 || 0.000718608  0.000580749
0.69033 || 0.000720957  0.00058264
0.69038 || 0.000723311  0.000584536
0.69043 || 0.000725671  0.000586437
0.69048 || 0.000728036  0.000588341
0.690531 || 0.000730406  0.00059025
0.690581 || 0.000732782  0.000592164
0.690631 || 0.000735163  0.000594081
0.690681 || 0.00073755  0.000596003
0.690731 || 0.000739942  0.00059793
0.690781 || 0.00074234  0.00059986
0.690831 || 0.000744743  0.000601795
0.690881 || 0.000747151  0.000603734
0.690931 || 0.000749565  0.000605678
0.690981 || 0.000751984  0.000607626
0.691031 || 0.000754409  0.000609579
0.691081 || 0.00075684  0.000611535
0.691131 || 0.000759275  0.000613497
0.691181 || 0.000761717  0.000615462
0.691231 || 0.000764164  0.000617432
0.691281 || 0.000766616  0.000619406
0.691331 || 0.000769074  0.000621385
0.691381 || 0.000771537  0.000623368
0.691431 || 0.000774006  0.000625356
0.691481 || 0.000776481  0.000627348
0.691532 || 0.000778961  0.000629344
0.691582 || 0.000781446  0.000631345
0.691632 || 0.000783937  0.00063335
0.691682 || 0.000786434  0.00063536
0.691732 || 0.000788936  0.000637374
0.691782 || 0.000791444  0.000639393
0.691832 || 0.000793958  0.000641416
0.691882 || 0.000796477  0.000643444
0.691932 || 0.000799001  0.000645476
0.691982 || 0.000801531  0.000647512
0.692032 || 0.000804067  0.000649553
0.692082 || 0.000806609  0.000651598
0.692132 || 0.000809156  0.000653648
0.692182 || 0.000811709  0.000655703
0.692232 || 0.000814267  0.000657762
0.692282 || 0.000816831  0.000659825
0.692332 || 0.000819401  0.000661893
0.692382 || 0.000821976  0.000663966
0.692432 || 0.000824557  0.000666043
0.692482 || 0.000827144  0.000668124
0.692533 || 0.000829737  0.00067021
0.692583 || 0.000832335  0.000672301
0.692633 || 0.000834939  0.000674396
0.692683 || 0.000837548  0.000676496
0.692733 || 0.000840163  0.0006786
0.692783 || 0.000842784  0.000680709
0.692833 || 0.000845411  0.000682822
0.692883 || 0.000848044  0.00068494
0.692933 || 0.000850682  0.000687062
0.692983 || 0.000853326  0.00068919
0.693033 || 0.000855976  0.000691321
0.693083 || 0.000858631  0.000693458
0.693133 || 0.000861292  0.000695599
0.693183 || 0.000863959  0.000697744
0.693233 || 0.000866632  0.000699894
0.693283 || 0.000869311  0.000702049
0.693333 || 0.000871995  0.000704208
0.693383 || 0.000874686  0.000706372
0.693433 || 0.000877382  0.000708541
0.693483 || 0.000880084  0.000710714
0.693534 || 0.000882791  0.000712892
0.693584 || 0.000885505  0.000715075
0.693634 || 0.000888225  0.000717262
0.693684 || 0.00089095  0.000719454
0.693734 || 0.000893681  0.00072165
0.693784 || 0.000896418  0.000723852
0.693834 || 0.000899161  0.000726058
0.693884 || 0.00090191  0.000728268
0.693934 || 0.000904665  0.000730483
0.693984 || 0.000907425  0.000732703
0.694034 || 0.000910192  0.000734928
0.694084 || 0.000912964  0.000737157
0.694134 || 0.000915742  0.000739392
0.694184 || 0.000918527  0.00074163
0.694234 || 0.000921317  0.000743874
0.694284 || 0.000924113  0.000746122
0.694334 || 0.000926915  0.000748375
0.694384 || 0.000929723  0.000750633
0.694434 || 0.000932537  0.000752895
0.694484 || 0.000935357  0.000755163
0.694535 || 0.000938183  0.000757435
0.694585 || 0.000941015  0.000759711
0.694635 || 0.000943853  0.000761993
0.694685 || 0.000946697  0.000764279
0.694735 || 0.000949547  0.00076657
0.694785 || 0.000952403  0.000768866
0.694835 || 0.000955265  0.000771167
0.694885 || 0.000958133  0.000773472
0.694935 || 0.000961007  0.000775783
0.694985 || 0.000963887  0.000778098
0.695035 || 0.000966774  0.000780418
0.695085 || 0.000969666  0.000782742
0.695135 || 0.000972564  0.000785072
0.695185 || 0.000975469  0.000787406
0.695235 || 0.000978379  0.000789745
0.695285 || 0.000981296  0.000792089
0.695335 || 0.000984218  0.000794438
0.695385 || 0.000987147  0.000796792
0.695435 || 0.000990082  0.000799151
0.695485 || 0.000993023  0.000801514
0.695536 || 0.00099597  0.000803882
0.695586 || 0.000998923  0.000806256
0.695636 || 0.00100188  0.000808634
0.695686 || 0.00100485  0.000811017
0.695736 || 0.00100782  0.000813404
0.695786 || 0.0010108  0.000815797
0.695836 || 0.00101378  0.000818195
0.695886 || 0.00101677  0.000820597
0.695936 || 0.00101977  0.000823005
0.695986 || 0.00102277  0.000825417
0.696036 || 0.00102578  0.000827835
0.696086 || 0.00102879  0.000830257
0.696136 || 0.00103182  0.000832684
0.696186 || 0.00103484  0.000835116
0.696236 || 0.00103788  0.000837553
0.696286 || 0.00104092  0.000839995
0.696336 || 0.00104396  0.000842442
0.696386 || 0.00104702  0.000844894
0.696436 || 0.00105007  0.000847351
0.696486 || 0.00105314  0.000849813
0.696537 || 0.00105621  0.00085228
0.696587 || 0.00105929  0.000854752
0.696637 || 0.00106237  0.000857228
0.696687 || 0.00106546  0.00085971
0.696737 || 0.00106856  0.000862197
0.696787 || 0.00107166  0.000864689
0.696837 || 0.00107477  0.000867186
0.696887 || 0.00107788  0.000869688
0.696937 || 0.00108101  0.000872195
0.696987 || 0.00108413  0.000874707
0.697037 || 0.00108727  0.000877224
0.697087 || 0.00109041  0.000879746
0.697137 || 0.00109356  0.000882273
0.697187 || 0.00109671  0.000884805
0.697237 || 0.00109987  0.000887342
0.697287 || 0.00110304  0.000889884
0.697337 || 0.00110621  0.000892431
0.697387 || 0.00110939  0.000894984
0.697437 || 0.00111257  0.000897541
0.697487 || 0.00111576  0.000900104
0.697538 || 0.00111896  0.000902671
0.697588 || 0.00112217  0.000905244
0.697638 || 0.00112538  0.000907822
0.697688 || 0.0011286  0.000910405
0.697738 || 0.00113182  0.000912993
0.697788 || 0.00113505  0.000915586
0.697838 || 0.00113829  0.000918185
0.697888 || 0.00114153  0.000920788
0.697938 || 0.00114478  0.000923397
0.697988 || 0.00114804  0.00092601
0.698038 || 0.0011513  0.000928629
0.698088 || 0.00115457  0.000931253
0.698138 || 0.00115784  0.000933882
0.698188 || 0.00116113  0.000936517
0.698238 || 0.00116441  0.000939156
0.698288 || 0.00116771  0.000941801
0.698338 || 0.00117101  0.000944451
0.698388 || 0.00117432  0.000947106
0.698438 || 0.00117764  0.000949766
0.698488 || 0.00118096  0.000952432
0.698539 || 0.00118429  0.000955102
0.698589 || 0.00118762  0.000957778
0.698639 || 0.00119096  0.000960459
0.698689 || 0.00119431  0.000963146
0.698739 || 0.00119766  0.000965837
0.698789 || 0.00120102  0.000968534
0.698839 || 0.00120439  0.000971236
0.698889 || 0.00120777  0.000973943
0.698939 || 0.00121115  0.000976656
0.698989 || 0.00121454  0.000979373
0.699039 || 0.00121793  0.000982096
0.699089 || 0.00122133  0.000984825
0.699139 || 0.00122474  0.000987558
0.699189 || 0.00122815  0.000990297
0.699239 || 0.00123157  0.000993041
0.699289 || 0.001235  0.00099579
0.699339 || 0.00123843  0.000998545
0.699389 || 0.00124188  0.00100131
0.699439 || 0.00124532  0.00100407
0.699489 || 0.00124878  0.00100684
0.69954 || 0.00125224  0.00100962
0.69959 || 0.00125571  0.0010124
0.69964 || 0.00125918  0.00101518
0.69969 || 0.00126266  0.00101798
0.69974 || 0.00126615  0.00102077
0.69979 || 0.00126965  0.00102358
0.69984 || 0.00127315  0.00102638
0.69989 || 0.00127665  0.0010292
0.69994 || 0.00128017  0.00103202
0.69999 || 0.00128369  0.00103484
0.70004 || 0.00128722  0.00103767
0.70009 || 0.00129076  0.0010405
0.70014 || 0.0012943  0.00104334
0.70019 || 0.00129785  0.00104619
0.70024 || 0.0013014  0.00104904
0.70029 || 0.00130497  0.0010519
0.70034 || 0.00130854  0.00105476
0.70039 || 0.00131211  0.00105763
0.70044 || 0.00131569  0.0010605
0.70049 || 0.00131928  0.00106338
0.700541 || 0.00132288  0.00106626
0.700591 || 0.00132649  0.00106915
0.700641 || 0.0013301  0.00107204
0.700691 || 0.00133371  0.00107494
0.700741 || 0.00133734  0.00107785
0.700791 || 0.00134097  0.00108076
0.700841 || 0.00134461  0.00108368
0.700891 || 0.00134825  0.0010866
0.700941 || 0.00135191  0.00108952
0.700991 || 0.00135556  0.00109246
0.701041 || 0.00135923  0.00109539
0.701091 || 0.0013629  0.00109834
0.701141 || 0.00136658  0.00110129
0.701191 || 0.00137027  0.00110424
0.701241 || 0.00137396  0.0011072
0.701291 || 0.00137767  0.00111017
0.701341 || 0.00138137  0.00111314
0.701391 || 0.00138509  0.00111611
0.701441 || 0.00138881  0.0011191
0.701491 || 0.00139254  0.00112208
0.701542 || 0.00139627  0.00112508
0.701592 || 0.00140002  0.00112808
0.701642 || 0.00140377  0.00113108
0.701692 || 0.00140752  0.00113409
0.701742 || 0.00141129  0.00113711
0.701792 || 0.00141506  0.00114013
0.701842 || 0.00141884  0.00114315
0.701892 || 0.00142262  0.00114618
0.701942 || 0.00142641  0.00114922
0.701992 || 0.00143021  0.00115227
0.702042 || 0.00143402  0.00115531
0.702092 || 0.00143783  0.00115837
0.702142 || 0.00144165  0.00116143
0.702192 || 0.00144548  0.00116449
0.702242 || 0.00144932  0.00116757
0.702292 || 0.00145316  0.00117064
0.702342 || 0.00145701  0.00117373
0.702392 || 0.00146086  0.00117681
0.702442 || 0.00146473  0.00117991
0.702492 || 0.0014686  0.00118301
0.702543 || 0.00147248  0.00118611
0.702593 || 0.00147636  0.00118922
0.702643 || 0.00148025  0.00119234
0.702693 || 0.00148415  0.00119546
0.702743 || 0.00148806  0.00119859
0.702793 || 0.00149197  0.00120172
0.702843 || 0.00149589  0.00120486
0.702893 || 0.00149982  0.00120801
0.702943 || 0.00150376  0.00121116
0.702993 || 0.0015077  0.00121431
0.703043 || 0.00151165  0.00121748
0.703093 || 0.00151561  0.00122064
0.703143 || 0.00151957  0.00122382
0.703193 || 0.00152354  0.001227
0.703243 || 0.00152752  0.00123018
0.703293 || 0.00153151  0.00123337
0.703343 || 0.0015355  0.00123657
0.703393 || 0.0015395  0.00123977
0.703443 || 0.00154351  0.00124298
0.703493 || 0.00154753  0.00124619
0.703544 || 0.00155155  0.00124941
0.703594 || 0.00155558  0.00125264
0.703644 || 0.00155961  0.00125587
0.703694 || 0.00156366  0.0012591
0.703744 || 0.00156771  0.00126235
0.703794 || 0.00157177  0.00126559
0.703844 || 0.00157584  0.00126885
0.703894 || 0.00157991  0.00127211
0.703944 || 0.00158399  0.00127537
0.703994 || 0.00158808  0.00127865
0.704044 || 0.00159218  0.00128192
0.704094 || 0.00159628  0.00128521
0.704144 || 0.00160039  0.00128849
0.704194 || 0.00160451  0.00129179
0.704244 || 0.00160864  0.00129509
0.704294 || 0.00161277  0.0012984
0.704344 || 0.00161691  0.00130171
0.704394 || 0.00162106  0.00130503
0.704444 || 0.00162522  0.00130835
0.704494 || 0.00162938  0.00131168
0.704545 || 0.00163355  0.00131502
0.704595 || 0.00163773  0.00131836
0.704645 || 0.00164191  0.00132171
0.704695 || 0.00164611  0.00132506
0.704745 || 0.00165031  0.00132842
0.704795 || 0.00165451  0.00133178
0.704845 || 0.00165873  0.00133516
0.704895 || 0.00166295  0.00133853
0.704945 || 0.00166718  0.00134192
0.704995 || 0.00167142  0.0013453
0.705045 || 0.00167567  0.0013487
0.705095 || 0.00167992  0.0013521
0.705145 || 0.00168418  0.00135551
0.705195 || 0.00168845  0.00135892
0.705245 || 0.00169273  0.00136234
0.705295 || 0.00169701  0.00136576
0.705345 || 0.0017013  0.00136919
0.705395 || 0.0017056  0.00137263
0.705445 || 0.0017099  0.00137607
0.705495 || 0.00171422  0.00137952
0.705546 || 0.00171854  0.00138298
0.705596 || 0.00172287  0.00138644
0.705646 || 0.00172721  0.0013899
0.705696 || 0.00173155  0.00139338
0.705746 || 0.0017359  0.00139685
0.705796 || 0.00174026  0.00140034
0.705846 || 0.00174463  0.00140383
0.705896 || 0.001749  0.00140733
0.705946 || 0.00175339  0.00141083
0.705996 || 0.00175778  0.00141434
0.706046 || 0.00176218  0.00141785
0.706096 || 0.00176658  0.00142137
0.706146 || 0.001771  0.0014249
0.706196 || 0.00177542  0.00142843
0.706246 || 0.00177985  0.00143197
0.706296 || 0.00178428  0.00143552
0.706346 || 0.00178873  0.00143907
0.706396 || 0.00179318  0.00144262
0.706446 || 0.00179764  0.00144619
0.706496 || 0.00180211  0.00144976
0.706547 || 0.00180658  0.00145333
0.706597 || 0.00181107  0.00145691
0.706647 || 0.00181556  0.0014605
0.706697 || 0.00182006  0.00146409
0.706747 || 0.00182456  0.00146769
0.706797 || 0.00182908  0.0014713
0.706847 || 0.0018336  0.00147491
0.706897 || 0.00183813  0.00147853
0.706947 || 0.00184267  0.00148216
0.706997 || 0.00184721  0.00148579
0.707047 || 0.00185177  0.00148942
0.707097 || 0.00185633  0.00149307
0.707147 || 0.0018609  0.00149671
0.707197 || 0.00186547  0.00150037
0.707247 || 0.00187006  0.00150403
0.707297 || 0.00187465  0.0015077
0.707347 || 0.00187925  0.00151137
0.707397 || 0.00188386  0.00151505
0.707447 || 0.00188848  0.00151874
0.707497 || 0.0018931  0.00152243
0.707548 || 0.00189774  0.00152613
0.707598 || 0.00190238  0.00152983
0.707648 || 0.00190702  0.00153354
0.707698 || 0.00191168  0.00153726
0.707748 || 0.00191634  0.00154099
0.707798 || 0.00192102  0.00154472
0.707848 || 0.0019257  0.00154845
0.707898 || 0.00193039  0.00155219
0.707948 || 0.00193508  0.00155594
0.707998 || 0.00193979  0.0015597
0.708048 || 0.0019445  0.00156346
0.708098 || 0.00194922  0.00156722
0.708148 || 0.00195395  0.001571
0.708198 || 0.00195868  0.00157478
0.708248 || 0.00196343  0.00157856
0.708298 || 0.00196818  0.00158236
0.708348 || 0.00197294  0.00158616
0.708398 || 0.00197771  0.00158996
0.708448 || 0.00198248  0.00159377
0.708498 || 0.00198727  0.00159759
0.708549 || 0.00199206  0.00160141
0.708599 || 0.00199686  0.00160524
0.708649 || 0.00200167  0.00160908
0.708699 || 0.00200649  0.00161292
0.708749 || 0.00201131  0.00161677
0.708799 || 0.00201614  0.00162063
0.708849 || 0.00202099  0.00162449
0.708899 || 0.00202584  0.00162836
0.708949 || 0.00203069  0.00163223
0.708999 || 0.00203556  0.00163611
0.709049 || 0.00204043  0.00164
0.709099 || 0.00204531  0.00164389
0.709149 || 0.0020502  0.00164779
0.709199 || 0.0020551  0.0016517
0.709249 || 0.00206001  0.00165561
0.709299 || 0.00206492  0.00165953
0.709349 || 0.00206985  0.00166346
0.709399 || 0.00207478  0.00166739
0.709449 || 0.00207972  0.00167133
0.709499 || 0.00208466  0.00167528
0.70955 || 0.00208962  0.00167923
0.7096 || 0.00209458  0.00168318
0.70965 || 0.00209956  0.00168715
0.7097 || 0.00210454  0.00169112
0.70975 || 0.00210952  0.0016951
0.7098 || 0.00211452  0.00169908
0.70985 || 0.00211953  0.00170307
0.7099 || 0.00212454  0.00170707
0.70995 || 0.00212956  0.00171107
0.71 || 0.00213459  0.00171508



