# Ecm || mean err  
0.66 || 3.48503e-10  4.36599e-09
0.66005 || 3.5613e-10  4.46797e-09
0.6601 || 3.63911e-10  4.57219e-09
0.66015 || 3.7185e-10  4.6787e-09
0.6602 || 3.79949e-10  4.78753e-09
0.66025 || 3.88211e-10  4.89874e-09
0.6603 || 3.9664e-10  5.01239e-09
0.66035 || 4.05238e-10  5.12851e-09
0.6604 || 4.14009e-10  5.24716e-09
0.66045 || 4.22955e-10  5.3684e-09
0.660501 || 4.32082e-10  5.49228e-09
0.660551 || 4.41391e-10  5.61886e-09
0.660601 || 4.50886e-10  5.74818e-09
0.660651 || 4.60571e-10  5.88032e-09
0.660701 || 4.70449e-10  6.01532e-09
0.660751 || 4.80525e-10  6.15324e-09
0.660801 || 4.90801e-10  6.29415e-09
0.660851 || 5.01282e-10  6.43812e-09
0.660901 || 5.11972e-10  6.58519e-09
0.660951 || 5.22873e-10  6.73545e-09
0.661001 || 5.33992e-10  6.88895e-09
0.661051 || 5.45331e-10  7.04576e-09
0.661101 || 5.56894e-10  7.20595e-09
0.661151 || 5.68687e-10  7.3696e-09
0.661201 || 5.80713e-10  7.53677e-09
0.661251 || 5.92977e-10  7.70753e-09
0.661301 || 6.05483e-10  7.88197e-09
0.661351 || 6.18236e-10  8.06015e-09
0.661401 || 6.3124e-10  8.24216e-09
0.661451 || 6.44501e-10  8.42808e-09
0.661502 || 6.58023e-10  8.61799e-09
0.661552 || 6.71811e-10  8.81196e-09
0.661602 || 6.8587e-10  9.0101e-09
0.661652 || 7.00206e-10  9.21247e-09
0.661702 || 7.14823e-10  9.41917e-09
0.661752 || 7.29727e-10  9.6303e-09
0.661802 || 7.44923e-10  9.84594e-09
0.661852 || 7.60417e-10  1.00662e-08
0.661902 || 7.76214e-10  1.02911e-08
0.661952 || 7.92321e-10  1.05209e-08
0.662002 || 8.08743e-10  1.07555e-08
0.662052 || 8.25485e-10  1.09952e-08
0.662102 || 8.42555e-10  1.12399e-08
0.662152 || 8.59959e-10  1.14899e-08
0.662202 || 8.77702e-10  1.17452e-08
0.662252 || 8.95791e-10  1.20059e-08
0.662302 || 9.14233e-10  1.22722e-08
0.662352 || 9.33034e-10  1.25441e-08
0.662402 || 9.52202e-10  1.28219e-08
0.662452 || 9.71743e-10  1.31055e-08
0.662503 || 9.91664e-10  1.33951e-08
0.662553 || 1.01197e-09  1.36909e-08
0.662603 || 1.03268e-09  1.3993e-08
0.662653 || 1.05378e-09  1.43015e-08
0.662703 || 1.0753e-09  1.46165e-08
0.662753 || 1.09723e-09  1.49382e-08
0.662803 || 1.11959e-09  1.52668e-08
0.662853 || 1.14239e-09  1.56023e-08
0.662903 || 1.16562e-09  1.59449e-08
0.662953 || 1.18931e-09  1.62947e-08
0.663003 || 1.21346e-09  1.6652e-08
0.663053 || 1.23807e-09  1.70169e-08
0.663103 || 1.26316e-09  1.73895e-08
0.663153 || 1.28874e-09  1.77699e-08
0.663203 || 1.31482e-09  1.81584e-08
0.663253 || 1.34139e-09  1.85552e-08
0.663303 || 1.36849e-09  1.89603e-08
0.663353 || 1.39611e-09  1.9374e-08
0.663403 || 1.42426e-09  1.97965e-08
0.663453 || 1.45296e-09  2.02279e-08
0.663504 || 1.48221e-09  2.06684e-08
0.663554 || 1.51203e-09  2.11183e-08
0.663604 || 1.54243e-09  2.15777e-08
0.663654 || 1.57341e-09  2.20467e-08
0.663704 || 1.605e-09  2.25257e-08
0.663754 || 1.63719e-09  2.30149e-08
0.663804 || 1.67001e-09  2.35144e-08
0.663854 || 1.70347e-09  2.40244e-08
0.663904 || 1.73757e-09  2.45453e-08
0.663954 || 1.77233e-09  2.50771e-08
0.664004 || 1.80776e-09  2.56203e-08
0.664054 || 1.84388e-09  2.61749e-08
0.664104 || 1.8807e-09  2.67412e-08
0.664154 || 1.91824e-09  2.73196e-08
0.664204 || 1.95649e-09  2.79102e-08
0.664254 || 1.99549e-09  2.85132e-08
0.664304 || 2.03525e-09  2.91291e-08
0.664354 || 2.07578e-09  2.9758e-08
0.664404 || 2.11709e-09  3.04002e-08
0.664454 || 2.1592e-09  3.10561e-08
0.664505 || 2.20213e-09  3.17258e-08
0.664555 || 2.24589e-09  3.24098e-08
0.664605 || 2.2905e-09  3.31082e-08
0.664655 || 2.33597e-09  3.38215e-08
0.664705 || 2.38233e-09  3.45499e-08
0.664755 || 2.42959e-09  3.52938e-08
0.664805 || 2.47776e-09  3.60534e-08
0.664855 || 2.52688e-09  3.68292e-08
0.664905 || 2.57694e-09  3.76215e-08
0.664955 || 2.62799e-09  3.84307e-08
0.665005 || 2.68002e-09  3.9257e-08
0.665055 || 2.73307e-09  4.01009e-08
0.665105 || 2.78715e-09  4.09628e-08
0.665155 || 2.84228e-09  4.18431e-08
0.665205 || 2.89849e-09  4.27421e-08
0.665255 || 2.9558e-09  4.36603e-08
0.665305 || 3.01422e-09  4.45981e-08
0.665355 || 3.07379e-09  4.55559e-08
0.665405 || 3.13452e-09  4.65342e-08
0.665455 || 3.19644e-09  4.75333e-08
0.665506 || 3.25957e-09  4.85539e-08
0.665556 || 3.32394e-09  4.95962e-08
0.665606 || 3.38957e-09  5.06609e-08
0.665656 || 3.45648e-09  5.17484e-08
0.665706 || 3.52471e-09  5.28593e-08
0.665756 || 3.59428e-09  5.39939e-08
0.665806 || 3.66522e-09  5.5153e-08
0.665856 || 3.73756e-09  5.6337e-08
0.665906 || 3.81132e-09  5.75464e-08
0.665956 || 3.88653e-09  5.87819e-08
0.666006 || 3.96323e-09  6.0044e-08
0.666056 || 4.04145e-09  6.13333e-08
0.666106 || 4.12121e-09  6.26505e-08
0.666156 || 4.20255e-09  6.39961e-08
0.666206 || 4.2855e-09  6.53709e-08
0.666256 || 4.3701e-09  6.67754e-08
0.666306 || 4.45638e-09  6.82103e-08
0.666356 || 4.54438e-09  6.96764e-08
0.666406 || 4.63412e-09  7.11743e-08
0.666456 || 4.72566e-09  7.27048e-08
0.666507 || 4.81902e-09  7.42687e-08
0.666557 || 4.91425e-09  7.58665e-08
0.666607 || 5.01138e-09  7.74993e-08
0.666657 || 5.11045e-09  7.91677e-08
0.666707 || 5.21152e-09  8.08726e-08
0.666757 || 5.31461e-09  8.26148e-08
0.666807 || 5.41978e-09  8.43952e-08
0.666857 || 5.52706e-09  8.62146e-08
0.666907 || 5.63651e-09  8.80741e-08
0.666957 || 5.74817e-09  8.99744e-08
0.667007 || 5.86208e-09  9.19166e-08
0.667057 || 5.97831e-09  9.39017e-08
0.667107 || 6.09689e-09  9.59306e-08
0.667157 || 6.21788e-09  9.80044e-08
0.667207 || 6.34133e-09  1.00124e-07
0.667257 || 6.4673e-09  1.02291e-07
0.667307 || 6.59583e-09  1.04506e-07
0.667357 || 6.727e-09  1.0677e-07
0.667407 || 6.86085e-09  1.09085e-07
0.667457 || 6.99745e-09  1.11451e-07
0.667508 || 7.13686e-09  1.1387e-07
0.667558 || 7.27914e-09  1.16344e-07
0.667608 || 7.42435e-09  1.18872e-07
0.667658 || 7.57256e-09  1.21458e-07
0.667708 || 7.72384e-09  1.24102e-07
0.667758 || 7.87826e-09  1.26805e-07
0.667808 || 8.03589e-09  1.2957e-07
0.667858 || 8.1968e-09  1.32397e-07
0.667908 || 8.36106e-09  1.35288e-07
0.667958 || 8.52876e-09  1.38244e-07
0.668008 || 8.69997e-09  1.41268e-07
0.668058 || 8.87478e-09  1.44361e-07
0.668108 || 9.05326e-09  1.47524e-07
0.668158 || 9.23551e-09  1.5076e-07
0.668208 || 9.42161e-09  1.5407e-07
0.668258 || 9.61164e-09  1.57455e-07
0.668308 || 9.80571e-09  1.60919e-07
0.668358 || 1.00039e-08  1.64462e-07
0.668408 || 1.02063e-08  1.68088e-07
0.668458 || 1.04131e-08  1.71797e-07
0.668509 || 1.06242e-08  1.75592e-07
0.668559 || 1.08399e-08  1.79476e-07
0.668609 || 1.10603e-08  1.8345e-07
0.668659 || 1.12854e-08  1.87516e-07
0.668709 || 1.15154e-08  1.91678e-07
0.668759 || 1.17503e-08  1.95938e-07
0.668809 || 1.19904e-08  2.00297e-07
0.668859 || 1.22357e-08  2.0476e-07
0.668909 || 1.24863e-08  2.09327e-07
0.668959 || 1.27425e-08  2.14003e-07
0.669009 || 1.30042e-08  2.1879e-07
0.669059 || 1.32718e-08  2.2369e-07
0.669109 || 1.35452e-08  2.28708e-07
0.669159 || 1.38247e-08  2.33845e-07
0.669209 || 1.41104e-08  2.39106e-07
0.669259 || 1.44025e-08  2.44493e-07
0.669309 || 1.47011e-08  2.50009e-07
0.669359 || 1.50064e-08  2.55659e-07
0.669409 || 1.53185e-08  2.61446e-07
0.669459 || 1.56377e-08  2.67374e-07
0.66951 || 1.59641e-08  2.73445e-07
0.66956 || 1.62979e-08  2.79665e-07
0.66961 || 1.66393e-08  2.86038e-07
0.66966 || 1.69885e-08  2.92566e-07
0.66971 || 1.73457e-08  2.99256e-07
0.66976 || 1.77111e-08  3.06111e-07
0.66981 || 1.8085e-08  3.13136e-07
0.66986 || 1.84674e-08  3.20335e-07
0.66991 || 1.88588e-08  3.27714e-07
0.66996 || 1.92592e-08  3.35277e-07
0.67001 || 1.96691e-08  3.4303e-07
0.67006 || 2.00885e-08  3.50978e-07
0.67011 || 2.05178e-08  3.59127e-07
0.67016 || 2.09572e-08  3.67482e-07
0.67021 || 2.14071e-08  3.7605e-07
0.67026 || 2.18676e-08  3.84835e-07
0.67031 || 2.23392e-08  3.93846e-07
0.67036 || 2.2822e-08  4.03088e-07
0.67041 || 2.33165e-08  4.12567e-07
0.67046 || 2.38229e-08  4.22292e-07
0.670511 || 2.43416e-08  4.32269e-07
0.670561 || 2.48729e-08  4.42505e-07
0.670611 || 2.54172e-08  4.53009e-07
0.670661 || 2.59748e-08  4.63788e-07
0.670711 || 2.65462e-08  4.74851e-07
0.670761 || 2.71317e-08  4.86206e-07
0.670811 || 2.77317e-08  4.97862e-07
0.670861 || 2.83468e-08  5.09828e-07
0.670911 || 2.89772e-08  5.22113e-07
0.670961 || 2.96235e-08  5.34728e-07
0.671011 || 3.02861e-08  5.47683e-07
0.671061 || 3.09655e-08  5.60988e-07
0.671111 || 3.16622e-08  5.74654e-07
0.671161 || 3.23768e-08  5.88692e-07
0.671211 || 3.31098e-08  6.03114e-07
0.671261 || 3.38616e-08  6.17932e-07
0.671311 || 3.46331e-08  6.3316e-07
0.671361 || 3.54246e-08  6.48809e-07
0.671411 || 3.62368e-08  6.64893e-07
0.671461 || 3.70705e-08  6.81428e-07
0.671512 || 3.79262e-08  6.98426e-07
0.671562 || 3.88046e-08  7.15903e-07
0.671612 || 3.97065e-08  7.33876e-07
0.671662 || 4.06326e-08  7.5236e-07
0.671712 || 4.15837e-08  7.71372e-07
0.671762 || 4.25606e-08  7.9093e-07
0.671812 || 4.35641e-08  8.11053e-07
0.671862 || 4.45951e-08  8.31758e-07
0.671912 || 4.56545e-08  8.53067e-07
0.671962 || 4.67432e-08  8.75e-07
0.672012 || 4.78622e-08  8.97577e-07
0.672062 || 4.90125e-08  9.20822e-07
0.672112 || 5.01952e-08  9.44757e-07
0.672162 || 5.14114e-08  9.69407e-07
0.672212 || 5.26621e-08  9.94797e-07
0.672262 || 5.39486e-08  1.02095e-06
0.672312 || 5.52722e-08  1.0479e-06
0.672362 || 5.6634e-08  1.07567e-06
0.672412 || 5.80354e-08  1.10429e-06
0.672462 || 5.94779e-08  1.1338e-06
0.672513 || 6.09628e-08  1.16421e-06
0.672563 || 6.24917e-08  1.19558e-06
0.672613 || 6.40661e-08  1.22792e-06
0.672663 || 6.56877e-08  1.26129e-06
0.672713 || 6.73582e-08  1.29571e-06
0.672763 || 6.90794e-08  1.33123e-06
0.672813 || 7.08532e-08  1.36789e-06
0.672863 || 7.26814e-08  1.40573e-06
0.672913 || 7.45661e-08  1.44479e-06
0.672963 || 7.65095e-08  1.48513e-06
0.673013 || 7.85136e-08  1.52679e-06
0.673063 || 8.0581e-08  1.56983e-06
0.673113 || 8.27139e-08  1.6143e-06
0.673163 || 8.49149e-08  1.66025e-06
0.673213 || 8.71866e-08  1.70775e-06
0.673263 || 8.95318e-08  1.75686e-06
0.673313 || 9.19534e-08  1.80763e-06
0.673363 || 9.44544e-08  1.86015e-06
0.673413 || 9.7038e-08  1.91448e-06
0.673463 || 9.97075e-08  1.9707e-06
0.673514 || 1.02466e-07  2.02888e-06
0.673564 || 1.05318e-07  2.08911e-06
0.673614 || 1.08267e-07  2.15147e-06
0.673664 || 1.11317e-07  2.21606e-06
0.673714 || 1.14471e-07  2.28296e-06
0.673764 || 1.17735e-07  2.35229e-06
0.673814 || 1.21113e-07  2.42413e-06
0.673864 || 1.2461e-07  2.49862e-06
0.673914 || 1.28231e-07  2.57585e-06
0.673964 || 1.31982e-07  2.65596e-06
0.674014 || 1.35868e-07  2.73907e-06
0.674064 || 1.39894e-07  2.82532e-06
0.674114 || 1.44068e-07  2.91485e-06
0.674164 || 1.48395e-07  3.00781e-06
0.674214 || 1.52884e-07  3.10436e-06
0.674264 || 1.5754e-07  3.20467e-06
0.674314 || 1.62372e-07  3.30891e-06
0.674364 || 1.67388e-07  3.41727e-06
0.674414 || 1.72596e-07  3.52995e-06
0.674464 || 1.78005e-07  3.64716e-06
0.674515 || 1.83625e-07  3.76911e-06
0.674565 || 1.89467e-07  3.89604e-06
0.674615 || 1.95539e-07  4.02819e-06
0.674665 || 2.01854e-07  4.16584e-06
0.674715 || 2.08424e-07  4.30924e-06
0.674765 || 2.15262e-07  4.45871e-06
0.674815 || 2.22379e-07  4.61455e-06
0.674865 || 2.29791e-07  4.77709e-06
0.674915 || 2.37513e-07  4.94668e-06
0.674965 || 2.45561e-07  5.1237e-06
0.675015 || 2.5395e-07  5.30856e-06
0.675065 || 2.627e-07  5.50166e-06
0.675115 || 2.7183e-07  5.70348e-06
0.675165 || 2.81359e-07  5.91448e-06
0.675215 || 2.91309e-07  6.13519e-06
0.675265 || 3.01703e-07  6.36617e-06
0.675315 || 3.12566e-07  6.608e-06
0.675365 || 3.23925e-07  6.86131e-06
0.675415 || 3.35806e-07  7.12679e-06
0.675465 || 3.48241e-07  7.40517e-06
0.675516 || 3.6126e-07  7.69724e-06
0.675566 || 3.74899e-07  8.00383e-06
0.675616 || 3.89195e-07  8.32586e-06
0.675666 || 4.04187e-07  8.66432e-06
0.675716 || 4.19917e-07  9.02027e-06
0.675766 || 4.36431e-07  9.39486e-06
0.675816 || 4.5378e-07  9.78934e-06
0.675866 || 4.72015e-07  1.02051e-05
0.675916 || 4.91196e-07  1.06435e-05
0.675966 || 5.11383e-07  1.11064e-05
0.676016 || 5.32644e-07  1.15953e-05
0.676066 || 5.55053e-07  1.21122e-05
0.676116 || 5.78689e-07  1.26593e-05
0.676166 || 6.03638e-07  1.32389e-05
0.676216 || 6.29995e-07  1.38535e-05
0.676266 || 6.57862e-07  1.45061e-05
0.676316 || 6.87352e-07  1.51996e-05
0.676366 || 7.18589e-07  1.59377e-05
0.676416 || 7.51708e-07  1.67241e-05
0.676466 || 7.86858e-07  1.75632e-05
0.676517 || 8.24203e-07  1.84599e-05
0.676567 || 8.63926e-07  1.94194e-05
0.676617 || 9.06229e-07  2.04479e-05
0.676667 || 9.51334e-07  2.15523e-05
0.676717 || 9.99491e-07  2.274e-05
0.676767 || 1.05098e-06  2.40199e-05
0.676817 || 1.10611e-06  2.54017e-05
0.676867 || 1.16523e-06  2.68966e-05
0.676917 || 1.22874e-06  2.8517e-05
0.676967 || 1.29708e-06  3.02775e-05
0.677017 || 1.37075e-06  3.21944e-05
0.677067 || 1.45032e-06  3.42863e-05
0.677117 || 1.53645e-06  3.6575e-05
0.677167 || 1.62988e-06  3.9085e-05
0.677217 || 1.73146e-06  4.18449e-05
0.677267 || 1.84218e-06  4.48878e-05
0.677317 || 1.96316e-06  4.82523e-05
0.677367 || 2.09574e-06  5.19831e-05
0.677417 || 2.24145e-06  5.61334e-05
0.677467 || 2.4021e-06  6.07654e-05
0.677518 || 2.57982e-06  6.59536e-05
0.677568 || 2.77717e-06  7.17871e-05
0.677618 || 2.99721e-06  7.83739e-05
0.677668 || 3.24362e-06  8.58456e-05
0.677718 || 3.52094e-06  9.4365e-05
0.677768 || 3.83478e-06  0.000104136
0.677818 || 4.19219e-06  0.000115417
0.677868 || 4.60216e-06  0.000128544
0.677918 || 5.07635e-06  0.000143959
0.677968 || 5.63023e-06  0.00016226
0.678018 || 6.28477e-06  0.000184279
0.678068 || 7.06912e-06  0.00021121
0.678118 || 8.02514e-06  0.00024483
0.678168 || 9.21491e-06  0.000287885
0.678218 || 1.07343e-05  0.000344817
0.678268 || 1.27386e-05  0.000423189
0.678318 || 1.54944e-05  0.000536722
0.678368 || 1.94956e-05  0.000712503
0.678418 || 2.57587e-05  0.00101061
0.678468 || 3.67288e-05  0.00158808
0.678519 || 5.99222e-05  0.00296738
0.678569 || 0.000130969  0.00778445
0.678619 || 0.000730164  0.0532972
0.678669 || 0.0010884  0.081141
0.678719 || 0.000150851  0.00934304
0.678769 || 6.46499e-05  0.00337714
0.678819 || 3.84347e-05  0.00176805
0.678869 || 2.64657e-05  0.00111134
0.678919 || 1.97784e-05  0.000777388
0.678969 || 1.55698e-05  0.000582533
0.679019 || 1.27056e-05  0.000457724
0.679069 || 1.06449e-05  0.000372243
0.679119 || 9.0994e-06  0.000310681
0.679169 || 7.90224e-06  0.000264577
0.679219 || 6.95065e-06  0.000228955
0.679269 || 6.17821e-06  0.000200723
0.679319 || 5.54017e-06  0.000177875
0.679369 || 5.00538e-06  0.000159057
0.679419 || 4.55153e-06  0.000143328
0.679469 || 4.16222e-06  0.000130013
0.67952 || 3.82517e-06  0.000118621
0.67957 || 3.53098e-06  0.00010878
0.67962 || 3.27233e-06  0.000100209
0.67967 || 3.04349e-06  9.26901e-05
0.67972 || 2.83985e-06  8.60512e-05
0.67977 || 2.65769e-06  8.01552e-05
0.67982 || 2.49398e-06  7.48915e-05
0.67987 || 2.34622e-06  7.017e-05
0.67992 || 2.21233e-06  6.59165e-05
0.67997 || 2.09058e-06  6.20693e-05
0.68002 || 1.97949e-06  5.8577e-05
0.68007 || 1.87781e-06  5.53959e-05
0.68012 || 1.78448e-06  5.24893e-05
0.68017 || 1.69858e-06  4.98258e-05
0.68022 || 1.61932e-06  4.73782e-05
0.68027 || 1.54602e-06  4.51234e-05
0.68032 || 1.47808e-06  4.30412e-05
0.68037 || 1.41497e-06  4.11139e-05
0.68042 || 1.35624e-06  3.93263e-05
0.68047 || 1.30147e-06  3.76649e-05
0.680521 || 1.25032e-06  3.61178e-05
0.680571 || 1.20246e-06  3.46744e-05
0.680621 || 1.15761e-06  3.33257e-05
0.680671 || 1.11552e-06  3.20632e-05
0.680721 || 1.07595e-06  3.08795e-05
0.680771 || 1.03872e-06  2.97682e-05
0.680821 || 1.00362e-06  2.87233e-05
0.680871 || 9.70508e-07  2.77395e-05
0.680921 || 9.39222e-07  2.6812e-05
0.680971 || 9.09632e-07  2.59365e-05
0.681021 || 8.81613e-07  2.5109e-05
0.681071 || 8.55054e-07  2.43261e-05
0.681121 || 8.29853e-07  2.35845e-05
0.681171 || 8.05918e-07  2.28813e-05
0.681221 || 7.83163e-07  2.22138e-05
0.681271 || 7.61511e-07  2.15796e-05
0.681321 || 7.40891e-07  2.09764e-05
0.681371 || 7.21236e-07  2.04022e-05
0.681421 || 7.02486e-07  1.98551e-05
0.681471 || 6.84586e-07  1.93334e-05
0.681522 || 6.67484e-07  1.88354e-05
0.681572 || 6.51133e-07  1.83598e-05
0.681622 || 6.35488e-07  1.79052e-05
0.681672 || 6.2051e-07  1.74703e-05
0.681722 || 6.0616e-07  1.7054e-05
0.681772 || 5.92403e-07  1.66551e-05
0.681822 || 5.79206e-07  1.62728e-05
0.681872 || 5.6654e-07  1.5906e-05
0.681922 || 5.54375e-07  1.55539e-05
0.681972 || 5.42686e-07  1.52157e-05
0.682022 || 5.31448e-07  1.48907e-05
0.682072 || 5.20637e-07  1.45782e-05
0.682122 || 5.10233e-07  1.42774e-05
0.682172 || 5.00215e-07  1.39879e-05
0.682222 || 4.90564e-07  1.3709e-05
0.682272 || 4.81262e-07  1.34402e-05
0.682322 || 4.72292e-07  1.3181e-05
0.682372 || 4.6364e-07  1.2931e-05
0.682422 || 4.5529e-07  1.26896e-05
0.682472 || 4.47229e-07  1.24565e-05
0.682523 || 4.39442e-07  1.22313e-05
0.682573 || 4.31919e-07  1.20137e-05
0.682623 || 4.24647e-07  1.18032e-05
0.682673 || 4.17616e-07  1.15996e-05
0.682723 || 4.10815e-07  1.14026e-05
0.682773 || 4.04234e-07  1.12118e-05
0.682823 || 3.97865e-07  1.1027e-05
0.682873 || 3.91697e-07  1.0848e-05
0.682923 || 3.85724e-07  1.06744e-05
0.682973 || 3.79937e-07  1.05061e-05
0.683023 || 3.74328e-07  1.03428e-05
0.683073 || 3.68891e-07  1.01844e-05
0.683123 || 3.6362e-07  1.00306e-05
0.683173 || 3.58506e-07  9.88125e-06
0.683223 || 3.53546e-07  9.73617e-06
0.683273 || 3.48732e-07  9.5952e-06
0.683323 || 3.44059e-07  9.45818e-06
0.683373 || 3.39522e-07  9.32494e-06
0.683423 || 3.35117e-07  9.19536e-06
0.683473 || 3.30838e-07  9.06929e-06
0.683524 || 3.2668e-07  8.94659e-06
0.683574 || 3.22641e-07  8.82715e-06
0.683624 || 3.18714e-07  8.71084e-06
0.683674 || 3.14898e-07  8.59756e-06
0.683724 || 3.11187e-07  8.48718e-06
0.683774 || 3.07578e-07  8.37962e-06
0.683824 || 3.04068e-07  8.27477e-06
0.683874 || 3.00653e-07  8.17253e-06
0.683924 || 2.97331e-07  8.07282e-06
0.683974 || 2.94099e-07  7.97555e-06
0.684024 || 2.90953e-07  7.88063e-06
0.684074 || 2.87891e-07  7.788e-06
0.684124 || 2.8491e-07  7.69756e-06
0.684174 || 2.82007e-07  7.60926e-06
0.684224 || 2.79181e-07  7.52301e-06
0.684274 || 2.76429e-07  7.43876e-06
0.684324 || 2.73749e-07  7.35643e-06
0.684374 || 2.71138e-07  7.27597e-06
0.684424 || 2.68595e-07  7.19733e-06
0.684474 || 2.66118e-07  7.12043e-06
0.684525 || 2.63704e-07  7.04523e-06
0.684575 || 2.61352e-07  6.97168e-06
0.684625 || 2.5906e-07  6.89973e-06
0.684675 || 2.56827e-07  6.82932e-06
0.684725 || 2.54651e-07  6.76041e-06
0.684775 || 2.5253e-07  6.69296e-06
0.684825 || 2.50462e-07  6.62692e-06
0.684875 || 2.48448e-07  6.56226e-06
0.684925 || 2.46484e-07  6.49893e-06
0.684975 || 2.4457e-07  6.43689e-06
0.685025 || 2.42704e-07  6.37611e-06
0.685075 || 2.40886e-07  6.31655e-06
0.685125 || 2.39113e-07  6.25818e-06
0.685175 || 2.37385e-07  6.20096e-06
0.685225 || 2.35702e-07  6.14487e-06
0.685275 || 2.3406e-07  6.08986e-06
0.685325 || 2.32461e-07  6.03592e-06
0.685375 || 2.30902e-07  5.98301e-06
0.685425 || 2.29382e-07  5.93111e-06
0.685475 || 2.27902e-07  5.88019e-06
0.685526 || 2.26459e-07  5.83022e-06
0.685576 || 2.25053e-07  5.78117e-06
0.685626 || 2.23684e-07  5.73303e-06
0.685676 || 2.2235e-07  5.68577e-06
0.685726 || 2.2105e-07  5.63937e-06
0.685776 || 2.19784e-07  5.59381e-06
0.685826 || 2.18552e-07  5.54906e-06
0.685876 || 2.17351e-07  5.5051e-06
0.685926 || 2.16183e-07  5.46192e-06
0.685976 || 2.15045e-07  5.41949e-06
0.686026 || 2.13938e-07  5.3778e-06
0.686076 || 2.12861e-07  5.33683e-06
0.686126 || 2.11813e-07  5.29656e-06
0.686176 || 2.10793e-07  5.25697e-06
0.686226 || 2.09802e-07  5.21805e-06
0.686276 || 2.08838e-07  5.17978e-06
0.686326 || 2.07901e-07  5.14215e-06
0.686376 || 2.06991e-07  5.10514e-06
0.686426 || 2.06106e-07  5.06874e-06
0.686476 || 2.05247e-07  5.03294e-06
0.686527 || 2.04414e-07  4.99771e-06
0.686577 || 2.03604e-07  4.96305e-06
0.686627 || 2.02819e-07  4.92894e-06
0.686677 || 2.02058e-07  4.89537e-06
0.686727 || 2.01321e-07  4.86233e-06
0.686777 || 2.00606e-07  4.82981e-06
0.686827 || 1.99913e-07  4.79779e-06
0.686877 || 1.99243e-07  4.76627e-06
0.686927 || 1.98595e-07  4.73523e-06
0.686977 || 1.97969e-07  4.70467e-06
0.687027 || 1.97363e-07  4.67456e-06
0.687077 || 1.96779e-07  4.64492e-06
0.687127 || 1.96215e-07  4.61571e-06
0.687177 || 1.95671e-07  4.58694e-06
0.687227 || 1.95147e-07  4.55859e-06
0.687277 || 1.94643e-07  4.53066e-06
0.687327 || 1.94158e-07  4.50314e-06
0.687377 || 1.93692e-07  4.47601e-06
0.687427 || 1.93245e-07  4.44928e-06
0.687477 || 1.92817e-07  4.42293e-06
0.687528 || 1.92407e-07  4.39696e-06
0.687578 || 1.92015e-07  4.37135e-06
0.687628 || 1.91641e-07  4.3461e-06
0.687678 || 1.91284e-07  4.32121e-06
0.687728 || 1.90945e-07  4.29666e-06
0.687778 || 1.90623e-07  4.27245e-06
0.687828 || 1.90318e-07  4.24857e-06
0.687878 || 1.9003e-07  4.22502e-06
0.687928 || 1.89759e-07  4.20179e-06
0.687978 || 1.89504e-07  4.17887e-06
0.688028 || 1.89265e-07  4.15626e-06
0.688078 || 1.89042e-07  4.13396e-06
0.688128 || 1.88835e-07  4.11194e-06
0.688178 || 1.88643e-07  4.09022e-06
0.688228 || 1.88468e-07  4.06879e-06
0.688278 || 1.88307e-07  4.04763e-06
0.688328 || 1.88162e-07  4.02675e-06
0.688378 || 1.88032e-07  4.00614e-06
0.688428 || 1.87917e-07  3.9858e-06
0.688478 || 1.87816e-07  3.96571e-06
0.688529 || 1.87731e-07  3.94588e-06
0.688579 || 1.8766e-07  3.9263e-06
0.688629 || 1.87603e-07  3.90697e-06
0.688679 || 1.8756e-07  3.88788e-06
0.688729 || 1.87532e-07  3.86903e-06
0.688779 || 1.87518e-07  3.85041e-06
0.688829 || 1.87518e-07  3.83202e-06
0.688879 || 1.87531e-07  3.81386e-06
0.688929 || 1.87558e-07  3.79592e-06
0.688979 || 1.87599e-07  3.7782e-06
0.689029 || 1.87654e-07  3.76069e-06
0.689079 || 1.87722e-07  3.74339e-06
0.689129 || 1.87803e-07  3.7263e-06
0.689179 || 1.87897e-07  3.70942e-06
0.689229 || 1.88005e-07  3.69273e-06
0.689279 || 1.88126e-07  3.67625e-06
0.689329 || 1.8826e-07  3.65996e-06
0.689379 || 1.88406e-07  3.64385e-06
0.689429 || 1.88566e-07  3.62794e-06
0.689479 || 1.88738e-07  3.61221e-06
0.68953 || 1.88923e-07  3.59667e-06
0.68958 || 1.89121e-07  3.5813e-06
0.68963 || 1.89331e-07  3.56611e-06
0.68968 || 1.89554e-07  3.55109e-06
0.68973 || 1.8979e-07  3.53625e-06
0.68978 || 1.90037e-07  3.52157e-06
0.68983 || 1.90297e-07  3.50706e-06
0.68988 || 1.9057e-07  3.49272e-06
0.68993 || 1.90855e-07  3.47853e-06
0.68998 || 1.91152e-07  3.46451e-06
0.69003 || 1.91461e-07  3.45064e-06
0.69008 || 1.91782e-07  3.43692e-06
0.69013 || 1.92115e-07  3.42336e-06
0.69018 || 1.92461e-07  3.40995e-06
0.69023 || 1.92818e-07  3.39668e-06
0.69028 || 1.93187e-07  3.38356e-06
0.69033 || 1.93569e-07  3.37059e-06
0.69038 || 1.93962e-07  3.35776e-06
0.69043 || 1.94367e-07  3.34506e-06
0.69048 || 1.94784e-07  3.33251e-06
0.690531 || 1.95212e-07  3.32009e-06
0.690581 || 1.95653e-07  3.3078e-06
0.690631 || 1.96105e-07  3.29565e-06
0.690681 || 1.96569e-07  3.28363e-06
0.690731 || 1.97045e-07  3.27173e-06
0.690781 || 1.97533e-07  3.25997e-06
0.690831 || 1.98032e-07  3.24833e-06
0.690881 || 1.98543e-07  3.23682e-06
0.690931 || 1.99065e-07  3.22542e-06
0.690981 || 1.99599e-07  3.21415e-06
0.691031 || 2.00145e-07  3.203e-06
0.691081 || 2.00702e-07  3.19197e-06
0.691131 || 2.01271e-07  3.18106e-06
0.691181 || 2.01852e-07  3.17026e-06
0.691231 || 2.02444e-07  3.15957e-06
0.691281 || 2.03048e-07  3.149e-06
0.691331 || 2.03664e-07  3.13854e-06
0.691381 || 2.04291e-07  3.12819e-06
0.691431 || 2.04929e-07  3.11795e-06
0.691481 || 2.05579e-07  3.10782e-06
0.691532 || 2.06241e-07  3.09779e-06
0.691582 || 2.06914e-07  3.08787e-06
0.691632 || 2.07599e-07  3.07806e-06
0.691682 || 2.08296e-07  3.06835e-06
0.691732 || 2.09004e-07  3.05874e-06
0.691782 || 2.09724e-07  3.04924e-06
0.691832 || 2.10455e-07  3.03983e-06
0.691882 || 2.11198e-07  3.03053e-06
0.691932 || 2.11953e-07  3.02132e-06
0.691982 || 2.12719e-07  3.01221e-06
0.692032 || 2.13497e-07  3.0032e-06
0.692082 || 2.14286e-07  2.99429e-06
0.692132 || 2.15088e-07  2.98547e-06
0.692182 || 2.159e-07  2.97674e-06
0.692232 || 2.16725e-07  2.96811e-06
0.692282 || 2.17561e-07  2.95957e-06
0.692332 || 2.1841e-07  2.95113e-06
0.692382 || 2.19269e-07  2.94277e-06
0.692432 || 2.20141e-07  2.93451e-06
0.692482 || 2.21024e-07  2.92634e-06
0.692533 || 2.2192e-07  2.91825e-06
0.692583 || 2.22827e-07  2.91026e-06
0.692633 || 2.23746e-07  2.90235e-06
0.692683 || 2.24676e-07  2.89453e-06
0.692733 || 2.25619e-07  2.8868e-06
0.692783 || 2.26574e-07  2.87915e-06
0.692833 || 2.2754e-07  2.87159e-06
0.692883 || 2.28519e-07  2.86411e-06
0.692933 || 2.2951e-07  2.85672e-06
0.692983 || 2.30512e-07  2.84942e-06
0.693033 || 2.31527e-07  2.84219e-06
0.693083 || 2.32554e-07  2.83506e-06
0.693133 || 2.33593e-07  2.828e-06
0.693183 || 2.34644e-07  2.82103e-06
0.693233 || 2.35707e-07  2.81414e-06
0.693283 || 2.36783e-07  2.80733e-06
0.693333 || 2.3787e-07  2.8006e-06
0.693383 || 2.38971e-07  2.79395e-06
0.693433 || 2.40083e-07  2.78738e-06
0.693483 || 2.41208e-07  2.7809e-06
0.693534 || 2.42345e-07  2.77449e-06
0.693584 || 2.43494e-07  2.76817e-06
0.693634 || 2.44656e-07  2.76192e-06
0.693684 || 2.45831e-07  2.75575e-06
0.693734 || 2.47018e-07  2.74966e-06
0.693784 || 2.48218e-07  2.74365e-06
0.693834 || 2.4943e-07  2.73772e-06
0.693884 || 2.50655e-07  2.73187e-06
0.693934 || 2.51893e-07  2.7261e-06
0.693984 || 2.53143e-07  2.7204e-06
0.694034 || 2.54407e-07  2.71478e-06
0.694084 || 2.55683e-07  2.70924e-06
0.694134 || 2.56972e-07  2.70377e-06
0.694184 || 2.58274e-07  2.69839e-06
0.694234 || 2.59588e-07  2.69308e-06
0.694284 || 2.60916e-07  2.68785e-06
0.694334 || 2.62257e-07  2.68269e-06
0.694384 || 2.63611e-07  2.67762e-06
0.694434 || 2.64979e-07  2.67262e-06
0.694484 || 2.66359e-07  2.66769e-06
0.694535 || 2.67753e-07  2.66285e-06
0.694585 || 2.6916e-07  2.65808e-06
0.694635 || 2.7058e-07  2.65338e-06
0.694685 || 2.72014e-07  2.64877e-06
0.694735 || 2.73461e-07  2.64423e-06
0.694785 || 2.74922e-07  2.63977e-06
0.694835 || 2.76396e-07  2.63538e-06
0.694885 || 2.77884e-07  2.63108e-06
0.694935 || 2.79386e-07  2.62685e-06
0.694985 || 2.80901e-07  2.62269e-06
0.695035 || 2.8243e-07  2.61862e-06
0.695085 || 2.83973e-07  2.61462e-06
0.695135 || 2.8553e-07  2.6107e-06
0.695185 || 2.87101e-07  2.60686e-06
0.695235 || 2.88686e-07  2.60309e-06
0.695285 || 2.90284e-07  2.5994e-06
0.695335 || 2.91897e-07  2.5958e-06
0.695385 || 2.93524e-07  2.59227e-06
0.695435 || 2.95166e-07  2.58881e-06
0.695485 || 2.96822e-07  2.58544e-06
0.695536 || 2.98492e-07  2.58215e-06
0.695586 || 3.00176e-07  2.57893e-06
0.695636 || 3.01875e-07  2.5758e-06
0.695686 || 3.03589e-07  2.57274e-06
0.695736 || 3.05317e-07  2.56976e-06
0.695786 || 3.07059e-07  2.56687e-06
0.695836 || 3.08817e-07  2.56405e-06
0.695886 || 3.10589e-07  2.56132e-06
0.695936 || 3.12376e-07  2.55866e-06
0.695986 || 3.14178e-07  2.55609e-06
0.696036 || 3.15996e-07  2.55359e-06
0.696086 || 3.17828e-07  2.55118e-06
0.696136 || 3.19675e-07  2.54886e-06
0.696186 || 3.21537e-07  2.54661e-06
0.696236 || 3.23415e-07  2.54445e-06
0.696286 || 3.25308e-07  2.54236e-06
0.696336 || 3.27217e-07  2.54037e-06
0.696386 || 3.2914e-07  2.53845e-06
0.696436 || 3.3108e-07  2.53662e-06
0.696486 || 3.33035e-07  2.53488e-06
0.696537 || 3.35006e-07  2.53322e-06
0.696587 || 3.36992e-07  2.53164e-06
0.696637 || 3.38995e-07  2.53015e-06
0.696687 || 3.41013e-07  2.52874e-06
0.696737 || 3.43047e-07  2.52743e-06
0.696787 || 3.45097e-07  2.52619e-06
0.696837 || 3.47163e-07  2.52505e-06
0.696887 || 3.49246e-07  2.52399e-06
0.696937 || 3.51345e-07  2.52302e-06
0.696987 || 3.5346e-07  2.52214e-06
0.697037 || 3.55591e-07  2.52135e-06
0.697087 || 3.57739e-07  2.52064e-06
0.697137 || 3.59904e-07  2.52003e-06
0.697187 || 3.62085e-07  2.5195e-06
0.697237 || 3.64283e-07  2.51907e-06
0.697287 || 3.66498e-07  2.51873e-06
0.697337 || 3.6873e-07  2.51847e-06
0.697387 || 3.70978e-07  2.51831e-06
0.697437 || 3.73244e-07  2.51825e-06
0.697487 || 3.75527e-07  2.51827e-06
0.697538 || 3.77827e-07  2.51839e-06
0.697588 || 3.80144e-07  2.5186e-06
0.697638 || 3.82479e-07  2.5189e-06
0.697688 || 3.84831e-07  2.5193e-06
0.697738 || 3.87201e-07  2.5198e-06
0.697788 || 3.89588e-07  2.52039e-06
0.697838 || 3.91993e-07  2.52108e-06
0.697888 || 3.94416e-07  2.52186e-06
0.697938 || 3.96856e-07  2.52274e-06
0.697988 || 3.99315e-07  2.52372e-06
0.698038 || 4.01792e-07  2.52479e-06
0.698088 || 4.04286e-07  2.52596e-06
0.698138 || 4.06799e-07  2.52724e-06
0.698188 || 4.09331e-07  2.52861e-06
0.698238 || 4.1188e-07  2.53008e-06
0.698288 || 4.14449e-07  2.53165e-06
0.698338 || 4.17035e-07  2.53333e-06
0.698388 || 4.19641e-07  2.5351e-06
0.698438 || 4.22265e-07  2.53698e-06
0.698488 || 4.24908e-07  2.53896e-06
0.698539 || 4.2757e-07  2.54104e-06
0.698589 || 4.30251e-07  2.54322e-06
0.698639 || 4.32951e-07  2.54551e-06
0.698689 || 4.3567e-07  2.54791e-06
0.698739 || 4.38409e-07  2.55041e-06
0.698789 || 4.41167e-07  2.55301e-06
0.698839 || 4.43945e-07  2.55572e-06
0.698889 || 4.46742e-07  2.55854e-06
0.698939 || 4.49559e-07  2.56146e-06
0.698989 || 4.52395e-07  2.56449e-06
0.699039 || 4.55252e-07  2.56763e-06
0.699089 || 4.58128e-07  2.57088e-06
0.699139 || 4.61025e-07  2.57423e-06
0.699189 || 4.63941e-07  2.5777e-06
0.699239 || 4.66878e-07  2.58127e-06
0.699289 || 4.69836e-07  2.58496e-06
0.699339 || 4.72813e-07  2.58875e-06
0.699389 || 4.75812e-07  2.59266e-06
0.699439 || 4.78831e-07  2.59668e-06
0.699489 || 4.81871e-07  2.60081e-06
0.69954 || 4.84931e-07  2.60505e-06
0.69959 || 4.88013e-07  2.60941e-06
0.69964 || 4.91116e-07  2.61388e-06
0.69969 || 4.9424e-07  2.61847e-06
0.69974 || 4.97385e-07  2.62317e-06
0.69979 || 5.00552e-07  2.62798e-06
0.69984 || 5.0374e-07  2.63291e-06
0.69989 || 5.0695e-07  2.63796e-06
0.69994 || 5.10181e-07  2.64312e-06
0.69999 || 5.13434e-07  2.6484e-06
0.70004 || 5.1671e-07  2.6538e-06
0.70009 || 5.20007e-07  2.65931e-06
0.70014 || 5.23326e-07  2.66495e-06
0.70019 || 5.26668e-07  2.6707e-06
0.70024 || 5.30032e-07  2.67657e-06
0.70029 || 5.33418e-07  2.68256e-06
0.70034 || 5.36827e-07  2.68867e-06
0.70039 || 5.40259e-07  2.6949e-06
0.70044 || 5.43713e-07  2.70125e-06
0.70049 || 5.47191e-07  2.70772e-06
0.700541 || 5.50691e-07  2.71431e-06
0.700591 || 5.54215e-07  2.72103e-06
0.700641 || 5.57762e-07  2.72786e-06
0.700691 || 5.61332e-07  2.73482e-06
0.700741 || 5.64926e-07  2.74191e-06
0.700791 || 5.68543e-07  2.74911e-06
0.700841 || 5.72184e-07  2.75644e-06
0.700891 || 5.75849e-07  2.7639e-06
0.700941 || 5.79537e-07  2.77148e-06
0.700991 || 5.8325e-07  2.77918e-06
0.701041 || 5.86987e-07  2.78701e-06
0.701091 || 5.90749e-07  2.79496e-06
0.701141 || 5.94534e-07  2.80305e-06
0.701191 || 5.98345e-07  2.81125e-06
0.701241 || 6.0218e-07  2.81959e-06
0.701291 || 6.06039e-07  2.82805e-06
0.701341 || 6.09924e-07  2.83664e-06
0.701391 || 6.13834e-07  2.84535e-06
0.701441 || 6.17769e-07  2.8542e-06
0.701491 || 6.21729e-07  2.86317e-06
0.701542 || 6.25714e-07  2.87227e-06
0.701592 || 6.29725e-07  2.8815e-06
0.701642 || 6.33762e-07  2.89086e-06
0.701692 || 6.37825e-07  2.90035e-06
0.701742 || 6.41913e-07  2.90997e-06
0.701792 || 6.46027e-07  2.91972e-06
0.701842 || 6.50168e-07  2.9296e-06
0.701892 || 6.54335e-07  2.93961e-06
0.701942 || 6.58528e-07  2.94976e-06
0.701992 || 6.62748e-07  2.96003e-06
0.702042 || 6.66994e-07  2.97044e-06
0.702092 || 6.71267e-07  2.98097e-06
0.702142 || 6.75568e-07  2.99164e-06
0.702192 || 6.79895e-07  3.00245e-06
0.702242 || 6.84249e-07  3.01338e-06
0.702292 || 6.88631e-07  3.02445e-06
0.702342 || 6.9304e-07  3.03565e-06
0.702392 || 6.97477e-07  3.04699e-06
0.702442 || 7.01942e-07  3.05846e-06
0.702492 || 7.06434e-07  3.07007e-06
0.702543 || 7.10955e-07  3.0818e-06
0.702593 || 7.15504e-07  3.09368e-06
0.702643 || 7.2008e-07  3.10569e-06
0.702693 || 7.24686e-07  3.11783e-06
0.702743 || 7.2932e-07  3.13011e-06
0.702793 || 7.33982e-07  3.14253e-06
0.702843 || 7.38674e-07  3.15508e-06
0.702893 || 7.43394e-07  3.16777e-06
0.702943 || 7.48144e-07  3.18059e-06
0.702993 || 7.52922e-07  3.19355e-06
0.703043 || 7.57731e-07  3.20665e-06
0.703093 || 7.62568e-07  3.21988e-06
0.703143 || 7.67436e-07  3.23326e-06
0.703193 || 7.72333e-07  3.24677e-06
0.703243 || 7.7726e-07  3.26042e-06
0.703293 || 7.82218e-07  3.2742e-06
0.703343 || 7.87205e-07  3.28813e-06
0.703393 || 7.92223e-07  3.30219e-06
0.703443 || 7.97272e-07  3.31639e-06
0.703493 || 8.02351e-07  3.33074e-06
0.703544 || 8.07461e-07  3.34522e-06
0.703594 || 8.12602e-07  3.35984e-06
0.703644 || 8.17775e-07  3.3746e-06
0.703694 || 8.22979e-07  3.3895e-06
0.703744 || 8.28214e-07  3.40454e-06
0.703794 || 8.3348e-07  3.41972e-06
0.703844 || 8.38779e-07  3.43505e-06
0.703894 || 8.44109e-07  3.45051e-06
0.703944 || 8.49472e-07  3.46612e-06
0.703994 || 8.54867e-07  3.48186e-06
0.704044 || 8.60294e-07  3.49775e-06
0.704094 || 8.65753e-07  3.51378e-06
0.704144 || 8.71246e-07  3.52995e-06
0.704194 || 8.76771e-07  3.54627e-06
0.704244 || 8.82329e-07  3.56272e-06
0.704294 || 8.87921e-07  3.57932e-06
0.704344 || 8.93546e-07  3.59607e-06
0.704394 || 8.99204e-07  3.61295e-06
0.704444 || 9.04896e-07  3.62998e-06
0.704494 || 9.10621e-07  3.64716e-06
0.704545 || 9.16381e-07  3.66448e-06
0.704595 || 9.22175e-07  3.68194e-06
0.704645 || 9.28003e-07  3.69955e-06
0.704695 || 9.33866e-07  3.7173e-06
0.704745 || 9.39763e-07  3.73519e-06
0.704795 || 9.45695e-07  3.75324e-06
0.704845 || 9.51662e-07  3.77142e-06
0.704895 || 9.57665e-07  3.78976e-06
0.704945 || 9.63702e-07  3.80824e-06
0.704995 || 9.69775e-07  3.82686e-06
0.705045 || 9.75884e-07  3.84563e-06
0.705095 || 9.82028e-07  3.86455e-06
0.705145 || 9.88209e-07  3.88362e-06
0.705195 || 9.94425e-07  3.90283e-06
0.705245 || 1.00068e-06  3.92219e-06
0.705295 || 1.00697e-06  3.9417e-06
0.705345 || 1.01329e-06  3.96135e-06
0.705395 || 1.01966e-06  3.98116e-06
0.705445 || 1.02606e-06  4.00111e-06
0.705495 || 1.03249e-06  4.02121e-06
0.705546 || 1.03897e-06  4.04147e-06
0.705596 || 1.04548e-06  4.06187e-06
0.705646 || 1.05203e-06  4.08242e-06
0.705696 || 1.05862e-06  4.10312e-06
0.705746 || 1.06524e-06  4.12397e-06
0.705796 || 1.07191e-06  4.14497e-06
0.705846 || 1.07861e-06  4.16612e-06
0.705896 || 1.08535e-06  4.18742e-06
0.705946 || 1.09213e-06  4.20888e-06
0.705996 || 1.09895e-06  4.23048e-06
0.706046 || 1.10581e-06  4.25224e-06
0.706096 || 1.11271e-06  4.27415e-06
0.706146 || 1.11964e-06  4.29622e-06
0.706196 || 1.12662e-06  4.31843e-06
0.706246 || 1.13364e-06  4.3408e-06
0.706296 || 1.1407e-06  4.36332e-06
0.706346 || 1.14779e-06  4.386e-06
0.706396 || 1.15493e-06  4.40883e-06
0.706446 || 1.16211e-06  4.43182e-06
0.706496 || 1.16933e-06  4.45495e-06
0.706547 || 1.17659e-06  4.47825e-06
0.706597 || 1.18389e-06  4.5017e-06
0.706647 || 1.19123e-06  4.52531e-06
0.706697 || 1.19862e-06  4.54907e-06
0.706747 || 1.20605e-06  4.57299e-06
0.706797 || 1.21351e-06  4.59706e-06
0.706847 || 1.22103e-06  4.62129e-06
0.706897 || 1.22858e-06  4.64568e-06
0.706947 || 1.23618e-06  4.67023e-06
0.706997 || 1.24381e-06  4.69494e-06
0.707047 || 1.2515e-06  4.7198e-06
0.707097 || 1.25922e-06  4.74483e-06
0.707147 || 1.26699e-06  4.77001e-06
0.707197 || 1.2748e-06  4.79535e-06
0.707247 || 1.28266e-06  4.82085e-06
0.707297 || 1.29056e-06  4.84652e-06
0.707347 || 1.2985e-06  4.87234e-06
0.707397 || 1.30649e-06  4.89832e-06
0.707447 || 1.31453e-06  4.92447e-06
0.707497 || 1.32261e-06  4.95078e-06
0.707548 || 1.33073e-06  4.97725e-06
0.707598 || 1.3389e-06  5.00388e-06
0.707648 || 1.34711e-06  5.03068e-06
0.707698 || 1.35537e-06  5.05764e-06
0.707748 || 1.36368e-06  5.08476e-06
0.707798 || 1.37203e-06  5.11205e-06
0.707848 || 1.38043e-06  5.1395e-06
0.707898 || 1.38888e-06  5.16712e-06
0.707948 || 1.39737e-06  5.1949e-06
0.707998 || 1.40591e-06  5.22285e-06
0.708048 || 1.41449e-06  5.25096e-06
0.708098 || 1.42313e-06  5.27925e-06
0.708148 || 1.43181e-06  5.3077e-06
0.708198 || 1.44054e-06  5.33631e-06
0.708248 || 1.44932e-06  5.3651e-06
0.708298 || 1.45814e-06  5.39405e-06
0.708348 || 1.46702e-06  5.42317e-06
0.708398 || 1.47594e-06  5.45247e-06
0.708448 || 1.48491e-06  5.48193e-06
0.708498 || 1.49393e-06  5.51156e-06
0.708549 || 1.503e-06  5.54136e-06
0.708599 || 1.51213e-06  5.57134e-06
0.708649 || 1.5213e-06  5.60149e-06
0.708699 || 1.53052e-06  5.6318e-06
0.708749 || 1.53979e-06  5.6623e-06
0.708799 || 1.54911e-06  5.69296e-06
0.708849 || 1.55848e-06  5.7238e-06
0.708899 || 1.56791e-06  5.75481e-06
0.708949 || 1.57738e-06  5.786e-06
0.708999 || 1.58691e-06  5.81736e-06
0.709049 || 1.59648e-06  5.8489e-06
0.709099 || 1.60612e-06  5.88061e-06
0.709149 || 1.6158e-06  5.9125e-06
0.709199 || 1.62553e-06  5.94457e-06
0.709249 || 1.63532e-06  5.97681e-06
0.709299 || 1.64516e-06  6.00924e-06
0.709349 || 1.65505e-06  6.04184e-06
0.709399 || 1.665e-06  6.07462e-06
0.709449 || 1.675e-06  6.10758e-06
0.709499 || 1.68506e-06  6.14072e-06
0.70955 || 1.69517e-06  6.17404e-06
0.7096 || 1.70533e-06  6.20755e-06
0.70965 || 1.71555e-06  6.24123e-06
0.7097 || 1.72582e-06  6.2751e-06
0.70975 || 1.73615e-06  6.30915e-06
0.7098 || 1.74653e-06  6.34339e-06
0.70985 || 1.75697e-06  6.37781e-06
0.7099 || 1.76747e-06  6.41241e-06
0.70995 || 1.77802e-06  6.4472e-06
0.71 || 1.78863e-06  6.48217e-06



